   1.57097005305299      -5.406471002042364E-002  3.523657060577889E-019
  2.204221347604288E-020  0.000000000000000E+000  2.371692252312041E-020
  1.585289173369815E-020 -1.355252715606881E-020  3.469446951953614E-018
  7.066531900765620E-018  4.770489558936220E-018  8.239936510889834E-018
  1.585645677260050E-017  8.673617379884035E-018 -7.998910987455729E-018
 -3.035766082959412E-018 -3.165870343657673E-017 -1.108596721366428E-017
  8.643495980482396E-004 -1.905824131322176E-021 -2.209743156813214E-021
 -1.694065894508601E-021  1.177905192275511E-021  2.847276182173518E-022
 -4.235164736271502E-022  6.776263578034403E-019 -1.908512453910645E-019
  4.878909776184770E-019 -7.995991022080595E-019 -8.538092108323347E-019
 -5.759824041329242E-019  1.768719730676104E-019 -5.421010862427522E-019
  6.505213034913027E-019  8.063753657860939E-019   1.10390588668026     
 -2.264915339947446E-015 -9.347598828720913E-017 -5.616570793228153E-002
  5.745874179655314E-017  2.454969062233476E-018 -4.768049427214954E-015
 -2.057592254751968E-016 -2.266692073335650E-015  6.616336523318530E-015
  -1.43005970737655       3.682460174386685E-015  1.555436366191463E-016
  1.750753924550952E-015 -5.114662843947855E-015   1.10351785909492     
   1.10390588668026      -1.290037954931877E-015  5.746949140530977E-017
 -5.616570793228150E-002  3.303852010765398E-017  2.237359603141087E-015
 -4.497096423982782E-016  -1.43005970737655      -2.653693237375521E-015
 -8.695301423333746E-016 -1.728001422507397E-015  3.452622882027445E-016
   1.10351785909492       2.054346276425534E-015  6.722053469410127E-016
   1.10390588668026       2.483597956325330E-018  3.302404943251434E-017
 -5.616570793228146E-002  4.321863014454128E-015  -1.43005970737655     
  4.566262553239053E-015 -6.747884234404496E-015 -3.159664400745153E-015
 -3.332681095334709E-015   1.10351785909492      -3.518842676792094E-015
  5.202345387657444E-015  2.431359855056893E-015  8.323513810169794E-004
 -1.701849169260858E-018 -8.572848593697063E-020  1.361913155506185E-016
  5.481715254244101E-018  6.580198662816638E-017 -1.897639269195990E-016
  4.023912331727094E-002 -1.076229157414434E-016 -4.295383148469053E-018
 -5.203791003695631E-017  1.499774862117862E-016 -3.174196015980742E-002
  8.323513810169792E-004 -9.766554579638100E-019 -6.375108774214766E-017
  1.257913205734572E-017  4.023912331727097E-002  7.685638150206620E-017
  2.509928029303943E-017  5.035441464837365E-017 -9.993325678075783E-018
 -3.174196015980744E-002 -6.074920297707842E-017 -1.983412349290670E-017
  8.323513810169793E-004 -1.203662716354873E-016  4.023912331727102E-002
 -1.270395960557384E-016  1.874889823128511E-016  8.684279867191205E-017
  9.481289950562340E-017 -3.174196015980751E-002  1.000307048767425E-016
 -1.476888964624342E-016 -6.831672196838993E-017  0.227240797894981     
 -5.000131469248910E-015 -2.699601519062057E-015 -3.533750103293259E-017
  5.639075863456758E-015 -0.349898099267267       3.893216916420944E-015
  2.106626343698026E-015  6.808887395908801E-018 -4.405680955358291E-015
  0.835306721316382      -3.750221433309470E-015  7.799750428860719E-015
  3.900525735733851E-015  3.894562623785180E-015  -1.30278304784460     
  2.918838266788640E-015 -6.077170017215749E-015 -3.037067125566395E-015
  0.835306721316380       3.114922345745797E-015  5.469190831627179E-015
  2.106707313528825E-015  2.921274825507743E-015  -1.30278304784460     
 -2.435416599720399E-015 -4.270005767053187E-015  0.227240797894980     
 -8.477353552110191E-015  2.310532388243105E-017 -6.075105923025564E-015
 -2.437101927150953E-015 -0.349898099267266       6.617388173929295E-015
  0.835306721316379      -4.403397887562593E-015 -3.038896760329459E-015
 -4.271482397966590E-015  6.614291143483835E-015  -1.30278304784460     
  0.134818699544120      -3.041309081596412E-015 -1.649681592233181E-015
 -2.137680349667483E-017  3.448936423814617E-015  0.509199436718018     
 -2.277617385058189E-015  4.742733983320591E-015  2.369415427749821E-015
  0.509199436718016       1.909753186820002E-015  3.345436410423257E-015
  0.134818699544120      -5.174360088886428E-015  0.509199436718015     
   1.57097005305299      -5.406471002042362E-002 -3.794707603699266E-019
 -2.203798780026576E-020  0.000000000000000E+000 -4.489274620447792E-020
 -2.299958372322279E-021  6.776263578034403E-021  1.734723475976807E-018
  7.500210059745650E-018  5.204170427930421E-018  1.821459649775647E-017
  1.368805242762949E-017  1.214306433183765E-017 -8.866264688813663E-018
 -2.168404344971009E-018 -1.864827736675068E-017 -1.195332895165269E-017
  8.643495980482400E-004  2.752857078576476E-021  5.169493736575292E-022
  8.470329472543003E-022 -1.786710123114540E-021  3.506823818371095E-022
 -2.117582368135751E-022  6.098637220230962E-019 -1.908486364914619E-019
  4.878909776184770E-019 -9.486769009248164E-019 -7.995991022080595E-019
 -5.217722955086490E-019  1.362121237808370E-019 -5.014435047745458E-019
  6.098637220230962E-019  8.326333871509772E-019   1.10390588668026     
 -2.264915639321705E-015 -9.434327990535277E-017 -5.616570793228153E-002
  5.745873942024202E-017  2.441416686990151E-018  4.767182025806138E-015
  2.057593996052701E-016  2.264089881154755E-015 -6.615902896858389E-015
   1.43005970737654      -3.683327512431763E-015 -1.555438410161692E-016
 -1.751187389605839E-015  5.115421827318769E-015  -1.10351785909492     
   1.10390588668026      -1.291772678407854E-015  5.749659645962191E-017
 -5.616570793228148E-002  3.302496758049792E-017 -2.237359603141087E-015
  4.501433517431871E-016   1.43005970737655       2.654126918244515E-015
  8.699638232023688E-016  1.728868784245385E-015 -3.463465046292421E-016
  -1.10351785909492      -2.052611552949557E-015 -6.726390278100070E-016
   1.10390588668026       2.483600526348203E-018  3.302404808756906E-017
 -5.616570793228148E-002 -4.321863023315251E-015   1.43005970737655     
 -4.564961608183714E-015  6.746583133703556E-015  3.160531606875764E-015
  3.332247410825875E-015  -1.10351785909492       3.519710199493994E-015
 -5.202345339237860E-015 -2.431359741553811E-015  8.323513810169800E-004
 -1.703542828246103E-018 -8.403432560416404E-020 -1.362057149193291E-016
 -5.481718577582037E-018 -6.580537947378201E-017  1.897770772649658E-016
 -4.023912331727094E-002  1.076292686554091E-016  4.308939784414439E-018
  5.204468792705322E-017 -1.499846826203510E-016  3.174196015980744E-002
  8.323513810169793E-004 -9.749613920693014E-019  6.375108774214766E-017
 -1.257891938551869E-017 -4.023912331727094E-002 -7.685638150206620E-017
 -2.508572776588336E-017 -5.034425025300659E-017  9.986548402588403E-018
  3.174196015980744E-002  6.075597924065645E-017  1.984767602006277E-017
  8.323513810169789E-004  1.203866002821107E-016 -4.023912331727102E-002
  1.270395927813509E-016 -1.874618807436328E-016 -8.683602604160568E-017
 -9.483322782353530E-017  3.174196015980751E-002 -1.000451031023418E-016
  1.476888987307335E-016  6.830317286844326E-017  0.227240797894981     
 -5.000781607896175E-015 -2.699818732875945E-015 -2.059254269354827E-017
  5.639726460103101E-015 -0.349898099267267       3.893433473928531E-015
  2.106626763210842E-015  1.201308163872549E-017 -4.402848775766619E-015
  0.835306721316383      -3.750221433309470E-015  7.800617790598707E-015
  3.900525735733851E-015  3.894454203567932E-015  -1.30278304784460     
  2.919703934460734E-015 -6.077603698084744E-015 -3.037067125566395E-015
  0.835306721316380       3.116656824045519E-015  5.468756774921681E-015
  2.106924547545739E-015  2.921704837368740E-015  -1.30278304784460     
 -2.436717528433081E-015 -4.270222364001107E-015  0.227240797894980     
 -8.475293680996745E-015  2.202013430574157E-017 -6.075268151195257E-015
 -2.435693093595946E-015 -0.349898099267266       6.616463661826812E-015
  0.835306721316379      -4.404685745779272E-015 -3.038029263545758E-015
 -4.272349985387712E-015  6.614508137389585E-015  -1.30278304784460     
  0.134818699544120      -3.041417260489870E-015 -1.650223831717708E-015
 -2.744837264967461E-017  3.447947067757537E-015  0.509199436718018     
 -2.277400544623692E-015  4.742950823755088E-015  2.368981746880827E-015
  0.509199436718016       1.910186782687144E-015  3.346303294369748E-015
  0.134818699544120      -5.174966532114632E-015  0.509199436718016     
