   1.57074447299086      -5.456932099448051E-002 -2.677478671003178E-003
 -2.677478671003173E-003  2.677478671003178E-003  6.957443432816481E-004
  6.957443432816479E-004 -6.957443432816483E-004  4.163336342344337E-017
 -2.191325238410643E-004  2.191325238410698E-004  3.642919299551295E-017
  2.191325238410651E-004 -3.122502256758253E-017  6.450441429876411E-004
 -6.450441429876417E-004 -1.561251128379126E-017 -6.450441429876319E-004
  8.743184032805342E-004  6.244211277635611E-004  6.244211277635609E-004
 -6.244211277635610E-004 -3.148036345825055E-005 -3.148036345825055E-005
  3.148036345825056E-005 -4.607859233063394E-019  2.862061774147854E-004
 -2.862061774147874E-004 -2.168404344971009E-019 -2.862061774147863E-004
  2.439454888092385E-019 -2.479602773644879E-004  2.479602773644898E-004
  1.897353801849633E-019  2.479602773644887E-004   1.10749649958628     
 -2.318345883441321E-002  2.318345883441295E-002 -5.653569254600913E-002
  2.004288486939132E-004 -2.004288486939061E-004 -4.209084812294950E-002
 -3.715318638826279E-002  3.715318638825979E-002  5.937705349005502E-016
  -1.43790235348812       3.378644270509663E-002  2.848217123617439E-002
 -2.848217123617209E-002 -4.544835542135377E-016   1.10959221232013     
   1.10749649958628       2.318345883441228E-002  2.004288486939130E-004
 -5.653569254600914E-002 -2.004288486938889E-004  2.104542406147488E-002
 -3.715318638826377E-002  -1.43790235348812      -3.645174374131017E-002
  3.715318638826534E-002 -1.689322135254841E-002  2.848217123617514E-002
   1.10959221232013       2.925991768612369E-002 -2.848217123617636E-002
   1.10749649958628      -2.004288486939061E-004 -2.004288486938890E-004
 -5.653569254600914E-002 -2.104542406147417E-002  -1.43790235348812     
 -3.715318638826531E-002 -3.645174374130945E-002 -3.715318638826459E-002
  1.689322135254787E-002   1.10959221232013       2.848217123617633E-002
  2.925991768612311E-002  2.848217123617579E-002  8.408079944774282E-004
 -2.584464540053668E-006  2.584464540053444E-006  1.211532766690611E-003
  8.130628340810622E-004 -8.130628340809805E-004 -1.664649254368409E-017
  4.055078511258782E-002 -9.788910544604929E-004 -6.510763181156659E-004
  6.510763181156009E-004  1.317376965404235E-017 -3.199191698064248E-002
  8.408079944774283E-004  2.584464540052919E-006 -6.057663833453086E-004
  8.130628340810880E-004  4.055078511258771E-002  1.049218153471406E-003
 -8.130628340811320E-004  4.894455272302491E-004 -6.510763181156862E-004
 -3.199191698064239E-002 -8.477445207001956E-004  6.510763181157208E-004
  8.408079944774284E-004  6.057663833452889E-004  4.055078511258772E-002
  8.130628340811321E-004  1.049218153471386E-003  8.130628340811128E-004
 -4.894455272302336E-004 -3.199191698064240E-002 -6.510763181157212E-004
 -8.477445207001801E-004 -6.510763181157059E-004  0.230780903199852     
  9.160389202827461E-003 -9.160389202827900E-003  3.422583655273831E-016
  1.832077840565753E-002 -0.355557871600302      -7.159373855692822E-003
  7.159373855693164E-003 -2.574920582364963E-016 -1.431874771138764E-002
  0.842803085724072       3.945892608614085E-002  1.586625951640726E-002
  3.945892608613843E-002 -7.513930272668303E-003  -1.31465074044295     
 -3.058294582673004E-002 -1.301450899679505E-002 -3.058294582672817E-002
  0.842803085724072       1.586625951640750E-002 -3.945892608613571E-002
  7.513930272668645E-003 -3.058294582673004E-002  -1.31465074044295     
 -1.301450899679523E-002  3.058294582672601E-002  0.230780903199852     
 -1.211650127299710E-015 -2.582968565057751E-016 -1.240039926844394E-002
 -1.240039926844412E-002 -0.355557871600303       9.330887826279295E-016
  0.842803085724077      -1.502786054533861E-002 -3.058294582672816E-002
  3.058294582672601E-002  9.352092927486985E-016  -1.31465074044296     
  0.137079617506237       5.884542043840243E-003 -5.884542043840516E-003
  1.948152462170651E-016  1.176908408768205E-002  0.513909302783124     
  2.381501191157517E-002  1.019232579920938E-002  2.381501191157372E-002
  0.513909302783124       1.019232579920953E-002 -2.381501191157203E-002
  0.137079617506237      -7.231111279228059E-016  0.513909302783127     
   1.57074447299086      -5.456932099448052E-002  2.677478671003297E-003
  2.677478671003292E-003 -2.677478671003077E-003 -6.957443432816550E-004
 -6.957443432816559E-004  6.957443432816419E-004 -6.245004513516506E-017
 -2.191325238410756E-004  2.191325238411271E-004  2.428612866367530E-017
  2.191325238411128E-004  4.857225732735060E-017  6.450441429876497E-004
 -6.450441429876903E-004 -2.081668171172169E-017 -6.450441429876777E-004
  8.743184032805342E-004 -6.244211277635636E-004 -6.244211277635648E-004
  6.244211277635582E-004  3.148036345825058E-005  3.148036345825063E-005
 -3.148036345825051E-005  1.029992063861229E-018  2.862061774147864E-004
 -2.862061774147865E-004  2.710505431213761E-019 -2.862061774147873E-004
 -8.944667923005412E-019 -2.479602773644885E-004  2.479602773644887E-004
 -1.897353801849633E-019  2.479602773644893E-004   1.10749649958628     
 -2.318345883440311E-002  2.318345883441453E-002 -5.653569254600929E-002
  2.004288486936402E-004 -2.004288486939492E-004  4.209084812295297E-002
  3.715318638826454E-002 -3.715318638825965E-002  1.353349456422762E-015
   1.43790235348812      -3.378644270509930E-002 -2.848217123617575E-002
  2.848217123617196E-002 -1.047184517024633E-015  -1.10959221232013     
   1.10749649958629       2.318345883442086E-002  2.004288486936403E-004
 -5.653569254600965E-002 -2.004288486941095E-004 -2.104542406147673E-002
  3.715318638826402E-002   1.43790235348812       3.645174374131054E-002
 -3.715318638826195E-002  1.689322135254984E-002 -2.848217123617534E-002
  -1.10959221232014      -2.925991768612399E-002  2.848217123617373E-002
   1.10749649958628      -2.004288486939494E-004 -2.004288486941096E-004
 -5.653569254600914E-002  2.104542406147681E-002   1.43790235348812     
  3.715318638826861E-002  3.645174374131021E-002  3.715318638826440E-002
 -1.689322135254990E-002  -1.10959221232013      -2.848217123617889E-002
 -2.925991768612372E-002 -2.848217123617563E-002  8.408079944774307E-004
 -2.584464540045123E-006  2.584464540054790E-006 -1.211532766690707E-003
 -8.130628340811090E-004  8.130628340809664E-004 -3.811352496926120E-017
 -4.055078511258777E-002  9.788910544605690E-004  6.510763181157022E-004
 -6.510763181155893E-004  3.014814333407624E-017  3.199191698064243E-002
  8.408079944774361E-004  2.584464540059612E-006  6.057663833453597E-004
 -8.130628340810952E-004 -4.055078511258790E-002 -1.049218153471418E-003
  8.130628340810318E-004 -4.894455272302894E-004  6.510763181156917E-004
  3.199191698064256E-002  8.477445207002053E-004 -6.510763181156412E-004
  8.408079944774285E-004 -6.057663833453628E-004 -4.055078511258772E-002
 -8.130628340812304E-004 -1.049218153471407E-003 -8.130628340811133E-004
  4.894455272302915E-004  3.199191698064240E-002  6.510763181157992E-004
  8.477445207001974E-004  6.510763181157063E-004  0.230780903199852     
  9.160389202830939E-003 -9.160389202830606E-003  6.441721215014910E-017
  1.832077840566083E-002 -0.355557871600303      -7.159373855695522E-003
  7.159373855695263E-003 -6.567766565277684E-017 -1.431874771139023E-002
  0.842803085724072       3.945892608613839E-002  1.586625951640776E-002
  3.945892608613927E-002 -7.513930272671004E-003  -1.31465074044295     
 -3.058294582672811E-002 -1.301450899679541E-002 -3.058294582672882E-002
  0.842803085724072       1.586625951640814E-002 -3.945892608613898E-002
  7.513930272670746E-003 -3.058294582672810E-002  -1.31465074044295     
 -1.301450899679573E-002  3.058294582672859E-002  0.230780903199852     
  1.456111052729958E-015 -4.988731172665097E-017 -1.240039926844432E-002
 -1.240039926844461E-002 -0.355557871600303      -1.136658352212307E-015
  0.842803085724072      -1.502786054534118E-002 -3.058294582672881E-002
  3.058294582672859E-002 -1.137718465555102E-015  -1.31465074044295     
  0.137079617506237       5.884542043842351E-003 -5.884542043842150E-003
  5.620691447624310E-017  1.176908408768408E-002  0.513909302783124     
  2.381501191157366E-002  1.019232579920968E-002  2.381501191157422E-002
  0.513909302783124       1.019232579920992E-002 -2.381501191157403E-002
  0.137079617506237       8.864092595073488E-016  0.513909302783124     
