   1.57101425000855      -5.429110991830271E-002  8.131516293641283E-020
  1.621063299716116E-019 -4.336808689942018E-019  0.000000000000000E+000
 -5.582708362291196E-021  1.355252715606881E-020  5.247066110422288E-003
 -1.387778780781446E-017  1.040834085586084E-017 -3.469446951953614E-017
 -1.695271555941928E-019 -4.342321341669843E-003  1.387778780781446E-017
 -7.806255641895632E-018  2.081668171172169E-017  1.131164079554286E-019
  8.688572106157128E-004 -3.388131789017201E-021  3.510493464384880E-022
  1.694065894508601E-021  0.000000000000000E+000 -1.728534389928966E-022
  4.235164736271502E-022 -7.753118933406081E-005  2.710505431213761E-019
 -2.168404344971009E-019  3.523657060577889E-019  3.790086201515692E-021
  6.821052704109234E-005 -2.168404344971009E-019  1.626303258728257E-019
 -3.794707603699266E-019 -5.697349668710518E-021   1.10534708322008     
 -1.403577113701982E-016  1.446774911640996E-017 -5.640894622910785E-002
  3.736605561675331E-018 -3.268636973577117E-019  6.787286234465128E-017
 -3.383941601717747E-016 -1.804431534208716E-016 -5.200587837716464E-016
  -1.42911079106865      -5.215430258751054E-017  2.602477284733805E-016
  1.384147967253978E-016  4.016167768243085E-016   1.10305328602528     
   1.10520091513466      -8.518576469218608E-016  3.740497495074990E-018
 -5.628957172017283E-002  2.146508543284485E-017 -5.525094270986131E-016
 -4.131352378256015E-016  -1.43502865122969      -7.268491364342822E-016
  2.718495479112288E-016  4.263082942213003E-016  3.184166255318366E-016
   1.10728691503798       5.620504062164855E-016 -2.080154337252644E-016
   1.10520091513466      -1.769171139489480E-019  2.146577302126965E-017
 -5.628957172017286E-002 -9.136804149729845E-016  -1.43502865122969     
  8.541795156567980E-016 -2.155381848916896E-016  5.457259939967525E-017
  7.026255544395412E-016   1.10728691503798      -6.583855197513834E-016
  1.674812465595025E-016 -4.271052733269643E-017  8.379032683239137E-004
 -1.068530780869290E-019  4.746312222694555E-021 -1.888331371320808E-018
  9.508352947870012E-018  5.243719652229616E-018  1.470087999172068E-017
  4.034835002897551E-002  1.489053890258798E-018 -7.480927148171265E-018
 -4.175732236135433E-018 -1.159721991881356E-017 -3.183307426235641E-002
  8.350126505105068E-004 -6.260251768311573E-019  1.570737897388375E-017
  1.162044500338175E-017  4.039793470096603E-002  2.038300084272748E-017
 -7.834379576669677E-018 -1.240056234780296E-017 -9.163202423397021E-018
 -3.186621866639389E-002 -1.604619215278547E-017  6.208950441444011E-018
  8.350126505105070E-004  2.534427997697341E-017  4.039793470096603E-002
 -2.383168075583956E-017  5.941767716263476E-018 -1.430315748612611E-018
 -1.991663557660005E-017 -3.186621866639391E-002  1.878297430731878E-017
 -4.652261972292313E-018  1.089014289786798E-018  0.229249727545412     
  1.084285157170994E-015  6.488484375160355E-016  2.738337201673154E-016
 -8.860755277063774E-017 -0.353038652942020      -8.405313045368891E-016
 -5.046275842784069E-016 -2.040056513811965E-016  6.916103726036162E-017
  0.839253182176715       1.156804502518921E-016  3.460407255262767E-016
  3.317495669026801E-016 -8.417963098348320E-016  -1.30889965936057     
 -8.972856868142529E-017 -2.670590077058152E-016 -2.615942095590108E-016
  0.839253182176714       7.291090811890730E-016 -1.328312284683093E-017
 -5.082316988698928E-016 -8.967087681071496E-017  -1.30889965936057     
 -5.708039159670272E-016  1.016955902210247E-017  0.227441837820514     
  4.519563760735874E-016 -2.081228683366789E-016 -2.716595755881412E-016
 -5.714963974513470E-016 -0.350229233241345      -3.540154868842810E-016
  0.835909552584011       6.938893903907228E-017 -2.584737979205443E-016
  7.806255641895632E-018 -3.544256901855114E-016  -1.30396606956136     
  0.136047139743997       6.581921676162911E-016  3.954090827634058E-016
  1.593525133818115E-016 -5.407517083588392E-017  0.511577499946125     
  7.004315124384791E-017  2.084419592801874E-016  2.032750197840646E-016
  0.511577499946124       4.434229684449255E-016 -1.013908186126426E-017
  0.134954804078158       2.779688289308707E-016  0.509752050080537     
   1.57101425000855      -5.429110991830270E-002  8.131516293641283E-020
 -6.609284807303449E-019  4.336808689942018E-019 -8.470329472543003E-022
  5.524234171430495E-021 -1.355252715606881E-020  5.247066110422470E-003
  9.107298248878237E-017  9.367506770274758E-017  1.734723475976807E-017
 -2.220498896490362E-017 -4.342321341669992E-003 -8.153200337090993E-017
 -8.066464163292153E-017 -1.474514954580286E-017  1.805372744364643E-017
  8.688572106157127E-004 -1.694065894508601E-021 -8.288826599560320E-022
  1.694065894508601E-021 -2.646977960169689E-023  1.776496355998206E-022
 -4.235164736271502E-022 -7.753118933406375E-005 -1.246832498358330E-018
 -1.355252715606881E-018 -8.131516293641283E-020  1.673358627878391E-019
  6.821052704109479E-005  1.084202172485504E-018  1.138412281109780E-018
  1.084202172485504E-019 -1.633488490791288E-019   1.10534708322008     
  4.545854519552056E-017  3.480903347532182E-016 -5.640894622910785E-002
 -1.284769018699230E-018 -8.994285582270768E-018 -9.506486983910534E-015
  4.695676806760406E-016 -3.294299185600261E-015  6.496573506698212E-015
   1.42911079106865       7.338840520960963E-015 -3.628438146773835E-016
  2.543447210592144E-015 -5.014971235243647E-015  -1.10305328602527     
   1.10520091513466      -2.278992966564530E-016 -1.328147661294743E-018
 -5.628957172017286E-002  5.544677672726650E-018 -1.052543469048928E-015
 -1.857319636630606E-015   1.43502865122968       7.950237690401707E-015
 -1.664022285338732E-014  8.326672684688674E-016  1.435429466262184E-015
  -1.10728691503797      -6.146125275385828E-015  1.285689810533579E-014
   1.10520091513466      -8.978670846443236E-018  5.546872299109617E-018
 -5.628957172017283E-002  1.973268218050548E-014   1.43502865122970     
  5.914758082165121E-015 -2.561680818463291E-015  1.555787403701693E-014
 -1.518982741177801E-014  -1.10728691503798      -4.535867609969293E-015
  1.956176448630425E-015 -1.196654962115424E-014  8.379032683239137E-004
  3.421363486672125E-020  2.741094376185377E-019  2.688189888970055E-016
 -1.326831976670168E-017  9.316815855783535E-017 -1.836933314928210E-016
 -4.034835002897533E-002 -2.121110945774995E-016  1.047093958953574E-017
 -7.352158681771129E-017  1.449411923491457E-016  3.183307426235627E-002
  8.350126505105069E-004 -1.528588412967367E-019  3.755405274946666E-017
  5.338806314896492E-017 -4.039793470096555E-002 -2.290919190461871E-016
  4.738137573353918E-016 -3.046608104684267E-017 -4.222586297004775E-017
  3.186621866639353E-002  1.812650507124203E-016 -3.741220002167299E-016
  8.350126505105068E-004 -5.411706547320328E-016 -4.039793470096611E-002
 -1.555933919709428E-016  6.362363726745501E-017 -4.240240807760259E-016
  4.255935975435136E-016  3.186621866639396E-002  1.217317619510572E-016
 -4.937800862051160E-017  3.332011496744919E-016  0.229249727545414     
  2.494468803473888E-014 -4.757374736374288E-015  6.830574753696747E-015
 -1.280773613009153E-014 -0.353038652942022      -1.938611347860880E-014
  3.704483707506525E-015 -5.270201839546225E-015  9.972077982792420E-015
  0.839253182176718       4.372361686135269E-015  3.210207008972939E-015
  1.785565302749014E-014 -1.938559113468891E-014  -1.30889965936058     
 -3.372023612136479E-015 -2.473361461435581E-015 -1.387799670556788E-014
  0.839253182176695       3.429893315949488E-015 -2.360057095429517E-014
  3.703521873333670E-015 -3.371746436063038E-015  -1.30889965936054     
 -2.751960817232351E-015  1.841937350166430E-014  0.227441837820515     
  8.395114872369334E-015 -5.266620473065586E-015 -2.469378868052985E-015
 -2.753006156375193E-015 -0.350229233241347      -6.540617356344383E-015
  0.835909552584003       9.972085006706988E-015 -1.388038989302842E-014
  1.841929386792174E-014 -6.539473823563569E-015  -1.30396606956135     
  0.136047139743998       1.509782940460985E-014 -2.886278641348737E-015
  4.053336383613543E-015 -7.781855045740904E-015  0.511577499946127     
  2.606106408380983E-015  1.904582932370240E-015  1.081452290907612E-014
  0.511577499946113       2.218460360585089E-015 -1.441170874072877E-014
  0.134954804078159       5.106236169345263E-015  0.509752050080532     
