   1.57083557512004      -5.456767196137993E-002  6.365204382742173E-004
  6.365204382741427E-004 -6.365204382742006E-004  2.380795031826196E-004
  2.380795031826227E-004 -2.380795031826202E-004  2.081668171172169E-016
 -8.565056294023958E-003  8.565056294023831E-003 -1.734723475976807E-018
  8.565056294023897E-003 -1.561251128379126E-016  7.217641794669044E-003
 -7.217641794668949E-003  6.938893903907228E-018 -7.217641794668992E-003
  8.744666193053676E-004  3.515558117729915E-004  3.515558117729920E-004
 -3.515558117729914E-004 -1.328984340144068E-005 -1.328984340144063E-005
  1.328984340144067E-005 -2.303929616531697E-018  1.804819198897714E-004
 -1.804819198897709E-004  6.505213034913027E-019 -1.804819198897713E-004
  1.978668964786046E-018 -1.659559937489466E-004  1.659559937489461E-004
 -4.878909776184770E-019  1.659559937489464E-004   1.10739793416581     
 -1.415260243899510E-002  1.415260243900292E-002 -5.655069010378155E-002
  1.920914905822530E-004 -1.920914905824508E-004 -9.002550614214058E-003
 -1.762018216570936E-002  1.762018216570715E-002 -8.902741509640924E-016
  -1.43808269740406       7.245168246563093E-003  1.320129657026406E-002
 -1.320129657026240E-002  6.766318641970074E-016   1.10983658657734     
   1.10739793416581       1.415260243899957E-002  1.920914905822530E-004
 -5.655069010378156E-002 -1.920914905823891E-004  4.501275307107627E-003
 -1.762018216570690E-002  -1.43808269740406      -7.796437530763927E-003
  1.762018216570458E-002 -3.622584123282012E-003  1.320129657026223E-002
   1.10983658657734       6.274499756215495E-003 -1.320129657026037E-002
   1.10739793416581      -1.920914905824506E-004 -1.920914905823892E-004
 -5.655069010378164E-002 -4.501275307104406E-003  -1.43808269740407     
 -1.762018216570830E-002 -7.796437530765311E-003 -1.762018216570865E-002
  3.622584123279526E-003   1.10983658657734       1.320129657026329E-002
  6.274499756216554E-003  1.320129657026355E-002  8.408425905336948E-004
 -5.338796775500457E-006  5.338796775506288E-006  3.183082513026078E-004
  4.002796800261249E-004 -4.002796800260775E-004  2.131439483924525E-017
  4.058158448633904E-002 -2.542074696340070E-004 -3.145859853258514E-004
  3.145859853258148E-004 -1.651106347919426E-017 -3.201604680914507E-002
  8.408425905336949E-004  5.338796775505106E-006 -1.591541256513230E-004
  4.002796800260831E-004  4.058158448633900E-002  2.756630318622429E-004
 -4.002796800259899E-004  1.271037348170189E-004 -3.145859853258204E-004
 -3.201604680914505E-002 -2.201501265347985E-004  3.145859853257446E-004
  8.408425905336962E-004  1.591541256512297E-004  4.058158448633909E-002
  4.002796800261070E-004  2.756630318622776E-004  4.002796800261179E-004
 -1.271037348169452E-004 -3.201604680914513E-002 -3.145859853258382E-004
 -2.201501265348260E-004 -3.145859853258467E-004  0.230115233343168     
  3.211208323020966E-003 -3.211208323024850E-003 -5.118032207649388E-016
  6.422416646047884E-003 -0.354436692840393      -2.433836274492021E-003
  2.433836274495056E-003  4.055200813835871E-016 -4.867672548988666E-003
  0.842858136705892       1.874521277969929E-002  5.561975969166438E-003
  1.874521277969966E-002 -2.447160508595050E-003  -1.31476051673152     
 -1.429180318111530E-002 -4.238606335167464E-003 -1.429180318111557E-002
  0.842858136705889       5.561975969164678E-003 -1.874521277969828E-002
  2.447160508598090E-003 -1.429180318111529E-002  -1.31476051673151     
 -4.238606335166101E-003  1.429180318111449E-002  0.230115233343169     
  1.118935258533661E-015  4.019913829503423E-016 -4.215528084729058E-003
 -4.215528084727699E-003 -0.354436692840393      -8.636087136544594E-016
  0.842858136705890      -4.894321017194728E-003 -1.429180318111556E-002
  1.429180318111450E-002 -8.586833981194150E-016  -1.31476051673152     
  0.136610430812543       1.860630377922325E-003 -1.860630377924706E-003
 -3.093429132369546E-016  3.721260755848272E-003  0.513958331724261     
  1.095625479002367E-002  3.222706348671241E-003  1.095625479002387E-002
  0.513958331724259       3.222706348670190E-003 -1.095625479002303E-002
  0.136610430812543       6.628838471404175E-016  0.513958331724260     
   1.57083557512004      -5.456767196137993E-002 -6.365204382742023E-004
 -6.365204382741722E-004  6.365204382741581E-004 -2.380795031826201E-004
 -2.380795031826214E-004  2.380795031826222E-004 -6.591949208711867E-017
 -8.565056294023985E-003  8.565056294023883E-003 -2.602085213965211E-017
  8.565056294023843E-003  5.898059818321144E-017  7.217641794669062E-003
 -7.217641794668979E-003  1.387778780781446E-017 -7.217641794668933E-003
  8.744666193053676E-004 -3.515558117729915E-004 -3.515558117729917E-004
  3.515558117729918E-004  1.328984340144067E-005  1.328984340144064E-005
 -1.328984340144063E-005  1.409462824231156E-018  1.804819198897743E-004
 -1.804819198897703E-004  1.409462824231156E-018 -1.804819198897701E-004
 -1.246832498358330E-018 -1.659559937489493E-004  1.659559937489458E-004
 -1.165517335421917E-018  1.659559937489453E-004   1.10739793416581     
 -1.415260243900149E-002  1.415260243900223E-002 -5.655069010378171E-002
  1.920914905824245E-004 -1.920914905824428E-004  9.002550614214212E-003
  1.762018216570902E-002 -1.762018216570722E-002 -2.663181738852709E-016
   1.43808269740407      -7.245168246563198E-003 -1.320129657026382E-002
  1.320129657026246E-002  2.026753368980168E-016  -1.10983658657734     
   1.10739793416581       1.415260243900152E-002  1.920914905824247E-004
 -5.655069010378173E-002 -1.920914905824175E-004 -4.501275307106658E-003
  1.762018216570860E-002   1.43808269740407       7.796437530764493E-003
 -1.762018216570795E-002  3.622584123281261E-003 -1.320129657026352E-002
  -1.10983658657734      -6.274499756215925E-003  1.320129657026300E-002
   1.10739793416581      -1.920914905824428E-004 -1.920914905824174E-004
 -5.655069010378174E-002  4.501275307107089E-003   1.43808269740407     
  1.762018216570742E-002  7.796437530764660E-003  1.762018216570706E-002
 -3.622584123281585E-003  -1.10983658657734      -1.320129657026257E-002
 -6.274499756216065E-003 -1.320129657026230E-002  8.408425905336971E-004
 -5.338796775505818E-006  5.338796775506331E-006 -3.183082513026085E-004
 -4.002796800261244E-004  4.002796800260814E-004  6.580151552781728E-018
 -4.058158448633908E-002  2.542074696340077E-004  3.145859853258517E-004
 -3.145859853258180E-004 -5.089002981896284E-018  3.201604680914511E-002
  8.408425905336974E-004  5.338796775505361E-006  1.591541256512921E-004
 -4.002796800261163E-004 -4.058158448633908E-002 -2.756630318622566E-004
  4.002796800260941E-004 -1.271037348169940E-004  3.145859853258454E-004
  3.201604680914511E-002  2.201501265348092E-004 -3.145859853258275E-004
  8.408425905336976E-004 -1.591541256513009E-004 -4.058158448633906E-002
 -4.002796800260723E-004 -2.756630318622621E-004 -4.002796800260663E-004
  1.271037348170008E-004  3.201604680914510E-002  3.145859853258099E-004
  2.201501265348136E-004  3.145859853258056E-004  0.230115233343169     
  3.211208323023433E-003 -3.211208323023334E-003  2.400871308095462E-016
  6.422416646047473E-003 -0.354436692840393      -2.433836274493936E-003
  2.433836274493859E-003 -1.912990751851028E-016 -4.867672548988350E-003
  0.842858136705889       1.874521277969841E-002  5.561975969165604E-003
  1.874521277969767E-002 -2.447160508596977E-003  -1.31476051673151     
 -1.429180318111460E-002 -4.238606335166826E-003 -1.429180318111400E-002
  0.842858136705890       5.561975969165271E-003 -1.874521277969765E-002
  2.447160508596887E-003 -1.429180318111460E-002  -1.31476051673151     
 -4.238606335166558E-003  1.429180318111402E-002  0.230115233343169     
 -2.710102536092803E-017 -1.819727478990448E-016 -4.215528084728420E-003
 -4.215528084728156E-003 -0.354436692840393       1.893551644366064E-017
  0.842858136705890      -4.894321017194427E-003 -1.429180318111399E-002
  1.429180318111402E-002  2.303880675747656E-017  -1.31476051673152     
  0.136610430812543       1.860630377923821E-003 -1.860630377923759E-003
  1.556139901387616E-016  3.721260755848025E-003  0.513958331724259     
  1.095625479002311E-002  3.222706348670742E-003  1.095625479002263E-002
  0.513958331724260       3.222706348670544E-003 -1.095625479002265E-002
  0.136610430812543      -1.738476394079944E-017  0.513958331724260     
