 &plot nbnd=   8, nks=    91 /
            0.500000  0.500000  0.500000
   -3.584   -0.915    4.762    4.762    7.385    9.291    9.291   13.640
            0.475000  0.475000  0.475000
   -3.618   -0.865    4.766    4.766    7.390    9.295    9.295   13.648
            0.450000  0.450000  0.450000
   -3.712   -0.725    4.780    4.780    7.406    9.310    9.310   13.669
            0.425000  0.425000  0.425000
   -3.852   -0.510    4.802    4.802    7.432    9.332    9.332   13.702
            0.400000  0.400000  0.400000
   -4.018   -0.238    4.833    4.833    7.467    9.360    9.360   13.740
            0.375000  0.375000  0.375000
   -4.199    0.078    4.873    4.873    7.513    9.392    9.392   13.769
            0.350000  0.350000  0.350000
   -4.384    0.428    4.921    4.921    7.569    9.423    9.423   13.759
            0.325000  0.325000  0.325000
   -4.567    0.806    4.978    4.978    7.634    9.448    9.448   13.651
            0.300000  0.300000  0.300000
   -4.744    1.205    5.043    5.043    7.707    9.461    9.461   13.405
            0.275000  0.275000  0.275000
   -4.912    1.623    5.115    5.115    7.789    9.455    9.455   13.052
            0.250000  0.250000  0.250000
   -5.069    2.056    5.195    5.195    7.878    9.424    9.424   12.647
            0.225000  0.225000  0.225000
   -5.214    2.502    5.281    5.281    7.972    9.365    9.365   12.216
            0.200000  0.200000  0.200000
   -5.345    2.958    5.372    5.372    8.071    9.277    9.277   11.773
            0.175000  0.175000  0.175000
   -5.462    3.420    5.467    5.467    8.171    9.166    9.166   11.322
            0.150000  0.150000  0.150000
   -5.564    3.885    5.563    5.563    8.270    9.039    9.039   10.871
            0.125000  0.125000  0.125000
   -5.651    4.346    5.657    5.657    8.363    8.905    8.905   10.425
            0.100000  0.100000  0.100000
   -5.723    4.794    5.746    5.746    8.445    8.776    8.776    9.994
            0.075000  0.075000  0.075000
   -5.779    5.214    5.824    5.824    8.505    8.661    8.661    9.598
            0.050000  0.050000  0.050000
   -5.819    5.579    5.885    5.885    8.531    8.570    8.570    9.272
            0.025000  0.025000  0.025000
   -5.843    5.841    5.925    5.925    8.512    8.512    8.513    9.070
            0.000000  0.000000  0.000000
   -5.851    5.939    5.939    5.939    8.491    8.491    8.491    9.007
            0.033333  0.000000  0.000000
   -5.846    5.904    5.919    5.919    8.479    8.518    8.518    9.042
            0.066667  0.000000  0.000000
   -5.832    5.803    5.860    5.860    8.445    8.594    8.594    9.140
            0.100000  0.000000  0.000000
   -5.808    5.647    5.769    5.769    8.389    8.714    8.714    9.290
            0.133333  0.000000  0.000000
   -5.775    5.450    5.654    5.654    8.314    8.870    8.870    9.473
            0.166667  0.000000  0.000000
   -5.732    5.224    5.522    5.522    8.224    9.054    9.054    9.673
            0.200000  0.000000  0.000000
   -5.680    4.976    5.379    5.379    8.122    9.261    9.261    9.871
            0.233333  0.000000  0.000000
   -5.618    4.714    5.230    5.230    8.011    9.485    9.485   10.042
            0.266667  0.000000  0.000000
   -5.547    4.441    5.079    5.079    7.894    9.723    9.723   10.158
            0.300000  0.000000  0.000000
   -5.467    4.161    4.927    4.927    7.774    9.972    9.972   10.189
            0.333333  0.000000  0.000000
   -5.377    3.876    4.778    4.778    7.654   10.124   10.230   10.230
            0.366667  0.000000  0.000000
   -5.278    3.588    4.631    4.631    7.534    9.979   10.496   10.496
            0.400000  0.000000  0.000000
   -5.171    3.296    4.489    4.489    7.417    9.782   10.768   10.768
            0.433333  0.000000  0.000000
   -5.054    3.003    4.352    4.352    7.304    9.556   11.045   11.045
            0.466667  0.000000  0.000000
   -4.928    2.709    4.221    4.221    7.196    9.317   11.327   11.327
            0.500000  0.000000  0.000000
   -4.793    2.414    4.096    4.096    7.094    9.076   11.614   11.614
            0.533333  0.000000  0.000000
   -4.649    2.119    3.978    3.978    6.999    8.837   11.903   11.903
            0.566667  0.000000  0.000000
   -4.497    1.825    3.867    3.867    6.912    8.604   12.196   12.196
            0.600000  0.000000  0.000000
   -4.336    1.531    3.763    3.763    6.834    8.381   12.492   12.492
            0.633333  0.000000  0.000000
   -4.166    1.238    3.667    3.667    6.764    8.168   12.790   12.790
            0.666667  0.000000  0.000000
   -3.989    0.946    3.579    3.579    6.703    7.968   13.091   13.091
            0.700000  0.000000  0.000000
   -3.803    0.657    3.499    3.499    6.653    7.780   13.394   13.394
            0.733333  0.000000  0.000000
   -3.609    0.370    3.427    3.427    6.613    7.606   13.699   13.699
            0.766667  0.000000  0.000000
   -3.408    0.085    3.363    3.363    6.583    7.445   14.006   14.006
            0.800000  0.000000  0.000000
   -3.199   -0.196    3.307    3.307    6.565    7.298   14.313   14.313
            0.833333  0.000000  0.000000
   -2.983   -0.475    3.260    3.260    6.557    7.164   14.620   14.620
            0.866667  0.000000  0.000000
   -2.759   -0.749    3.221    3.221    6.561    7.044   14.924   14.924
            0.900000  0.000000  0.000000
   -2.529   -1.019    3.191    3.191    6.578    6.938   15.221   15.221
            0.933333  0.000000  0.000000
   -2.292   -1.284    3.170    3.170    6.606    6.845   15.499   15.499
            0.966667  0.000000  0.000000
   -2.049   -1.544    3.157    3.157    6.646    6.766   15.726   15.726
            1.000000  0.000000  0.000000
   -1.799   -1.799    3.153    3.153    6.700    6.700   15.825   15.825
            1.000000  0.025000  0.025000
   -1.802   -1.793    3.117    3.157    6.705    6.754   15.769   15.793
            1.000000  0.050000  0.050000
   -1.809   -1.776    3.016    3.170    6.720    6.908   15.614   15.700
            1.000000  0.075000  0.075000
   -1.822   -1.747    2.868    3.191    6.744    7.148   15.390   15.556
            1.000000  0.100000  0.100000
   -1.843   -1.706    2.691    3.221    6.778    7.454   15.123   15.376
            1.000000  0.125000  0.125000
   -1.871   -1.654    2.502    3.259    6.822    7.812   14.832   15.169
            1.000000  0.150000  0.150000
   -1.911   -1.590    2.315    3.306    6.876    8.208   14.528   14.945
            1.000000  0.175000  0.175000
   -1.963   -1.514    2.141    3.360    6.939    8.636   14.219   14.709
            1.000000  0.200000  0.200000
   -2.030   -1.427    1.986    3.422    7.010    9.088   13.909   14.468
            1.000000  0.225000  0.225000
   -2.113   -1.329    1.856    3.492    7.091    9.561   13.601   14.160
            1.000000  0.250000  0.250000
   -2.214   -1.219    1.756    3.570    7.180   10.050   13.297   13.837
            0.966667  0.241667  0.241667
   -2.217   -1.220    1.799    3.547    7.155    9.891   13.327   13.679
            0.933333  0.233333  0.233333
   -2.300   -1.146    1.869    3.533    7.142    9.745   13.253   13.460
            0.900000  0.225000  0.225000
   -2.441   -1.013    1.963    3.528    7.141    9.614   13.130   13.239
            0.866667  0.216667  0.216667
   -2.615   -0.842    2.076    3.532    7.151    9.498   12.987   13.019
            0.833333  0.208333  0.208333
   -2.807   -0.647    2.205    3.545    7.172    9.398   12.800   12.837
            0.800000  0.200000  0.200000
   -3.007   -0.436    2.349    3.567    7.203    9.316   12.583   12.684
            0.766667  0.191667  0.191667
   -3.210   -0.212    2.504    3.599    7.243    9.252   12.368   12.531
            0.733333  0.183333  0.183333
   -3.412    0.023    2.669    3.639    7.290    9.209   12.155   12.378
            0.700000  0.175000  0.175000
   -3.611    0.268    2.843    3.689    7.342    9.188   11.945   12.225
            0.666667  0.166667  0.166667
   -3.805    0.520    3.023    3.748    7.397    9.191   11.737   12.070
            0.633333  0.158333  0.158333
   -3.993    0.781    3.207    3.816    7.454    9.219   11.533   11.913
            0.600000  0.150000  0.150000
   -4.175    1.050    3.396    3.893    7.510    9.273   11.333   11.751
            0.566667  0.141667  0.141667
   -4.349    1.326    3.587    3.979    7.566    9.352   11.138   11.583
            0.533333  0.133333  0.133333
   -4.515    1.608    3.779    4.073    7.620    9.452   10.951   11.408
            0.500000  0.125000  0.125000
   -4.672    1.898    3.970    4.176    7.673    9.567   10.777   11.223
            0.466667  0.116667  0.116667
   -4.821    2.193    4.161    4.286    7.726    9.682   10.626   11.029
            0.433333  0.108333  0.108333
   -4.960    2.494    4.350    4.405    7.781    9.769   10.522   10.825
            0.400000  0.100000  0.100000
   -5.090    2.801    4.530    4.535    7.837    9.784   10.497   10.611
            0.366667  0.091667  0.091667
   -5.210    3.111    4.662    4.715    7.897    9.714   10.390   10.551
            0.333333  0.083333  0.083333
   -5.320    3.426    4.800    4.890    7.960    9.594   10.163   10.623
            0.300000  0.075000  0.075000
   -5.420    3.743    4.943    5.058    8.026    9.455    9.933   10.643
            0.266667  0.066667  0.066667
   -5.510    4.061    5.088    5.217    8.095    9.311    9.704   10.563
            0.233333  0.058333  0.058333
   -5.589    4.377    5.235    5.367    8.166    9.169    9.479   10.382
            0.200000  0.050000  0.050000
   -5.659    4.689    5.381    5.504    8.236    9.032    9.262   10.135
            0.166667  0.041667  0.041667
   -5.717    4.992    5.522    5.627    8.303    8.905    9.059    9.863
            0.133333  0.033333  0.033333
   -5.765    5.277    5.653    5.733    8.365    8.787    8.875    9.594
            0.100000  0.025000  0.025000
   -5.803    5.534    5.768    5.820    8.417    8.680    8.718    9.353
            0.066667  0.016667  0.016667
   -5.829    5.745    5.859    5.885    8.457    8.587    8.596    9.165
            0.033333  0.008333  0.008333
   -5.845    5.888    5.918    5.925    8.483    8.518    8.518    9.047
            0.000000  0.000000  0.000000
   -5.851    5.939    5.939    5.939    8.491    8.491    8.491    9.007
