#  E (eV)   dos(E)     Int dos(E) EFermi =    5.902 eV
  -9.000  0.6246E-84  0.6246E-86
  -8.990  0.6246E-84  0.1249E-85
  -8.980  0.6246E-84  0.1874E-85
  -8.970  0.6246E-84  0.2498E-85
  -8.960  0.6246E-84  0.3123E-85
  -8.950  0.6246E-84  0.3748E-85
  -8.940  0.6246E-84  0.4372E-85
  -8.930  0.6246E-84  0.4997E-85
  -8.920  0.6246E-84  0.5622E-85
  -8.910  0.6246E-84  0.6246E-85
  -8.900  0.6246E-84  0.6871E-85
  -8.890  0.6246E-84  0.7495E-85
  -8.880  0.6246E-84  0.8120E-85
  -8.870  0.6246E-84  0.8745E-85
  -8.860  0.6246E-84  0.9369E-85
  -8.850  0.6246E-84  0.9994E-85
  -8.840  0.6246E-84  0.1062E-84
  -8.830  0.6246E-84  0.1124E-84
  -8.820  0.6246E-84  0.1187E-84
  -8.810  0.6246E-84  0.1249E-84
  -8.800  0.6246E-84  0.1312E-84
  -8.790  0.6246E-84  0.1374E-84
  -8.780  0.6246E-84  0.1437E-84
  -8.770  0.6246E-84  0.1499E-84
  -8.760  0.6246E-84  0.1562E-84
  -8.750  0.6246E-84  0.1624E-84
  -8.740  0.6246E-84  0.1686E-84
  -8.730  0.6246E-84  0.1749E-84
  -8.720  0.6246E-84  0.1811E-84
  -8.710  0.6246E-84  0.1874E-84
  -8.700  0.6246E-84  0.1936E-84
  -8.690  0.6246E-84  0.1999E-84
  -8.680  0.6246E-84  0.2061E-84
  -8.670  0.6246E-84  0.2124E-84
  -8.660  0.6246E-84  0.2186E-84
  -8.650  0.6246E-84  0.2249E-84
  -8.640  0.6246E-84  0.2311E-84
  -8.630  0.6246E-84  0.2374E-84
  -8.620  0.6246E-84  0.2436E-84
  -8.610  0.6246E-84  0.2498E-84
  -8.600  0.6246E-84  0.2561E-84
  -8.590  0.6246E-84  0.2623E-84
  -8.580  0.6246E-84  0.2686E-84
  -8.570  0.6246E-84  0.2748E-84
  -8.560  0.6246E-84  0.2811E-84
  -8.550  0.6246E-84  0.2873E-84
  -8.540  0.6246E-84  0.2936E-84
  -8.530  0.6246E-84  0.2998E-84
  -8.520  0.6246E-84  0.3061E-84
  -8.510  0.6246E-84  0.3123E-84
  -8.500  0.6246E-84  0.3186E-84
  -8.490  0.6246E-84  0.3248E-84
  -8.480  0.6246E-84  0.3311E-84
  -8.470  0.6246E-84  0.3373E-84
  -8.460  0.6246E-84  0.3435E-84
  -8.450  0.6246E-84  0.3498E-84
  -8.440  0.6246E-84  0.3560E-84
  -8.430  0.6246E-84  0.3623E-84
  -8.420  0.6246E-84  0.3685E-84
  -8.410  0.6246E-84  0.3748E-84
  -8.400  0.6246E-84  0.3810E-84
  -8.390  0.6246E-84  0.3873E-84
  -8.380  0.6246E-84  0.3935E-84
  -8.370  0.6246E-84  0.3998E-84
  -8.360  0.6246E-84  0.4060E-84
  -8.350  0.6246E-84  0.4123E-84
  -8.340  0.6246E-84  0.4185E-84
  -8.330  0.6246E-84  0.4247E-84
  -8.320  0.6246E-84  0.4310E-84
  -8.310  0.6246E-84  0.4372E-84
  -8.300  0.6246E-84  0.4435E-84
  -8.290  0.6246E-84  0.4497E-84
  -8.280  0.6246E-84  0.4560E-84
  -8.270  0.6246E-84  0.4622E-84
  -8.260  0.6246E-84  0.4685E-84
  -8.250  0.6246E-84  0.4747E-84
  -8.240  0.6246E-84  0.4810E-84
  -8.230  0.6246E-84  0.4872E-84
  -8.220  0.6246E-84  0.4935E-84
  -8.210  0.6246E-84  0.4997E-84
  -8.200  0.6246E-84  0.5059E-84
  -8.190  0.6246E-84  0.5122E-84
  -8.180  0.6246E-84  0.5184E-84
  -8.170  0.6246E-84  0.5247E-84
  -8.160  0.6246E-84  0.5309E-84
  -8.150  0.6246E-84  0.5372E-84
  -8.140  0.6246E-84  0.5434E-84
  -8.130  0.6246E-84  0.5497E-84
  -8.120  0.6246E-84  0.5559E-84
  -8.110  0.6246E-84  0.5622E-84
  -8.100  0.6246E-84  0.5684E-84
  -8.090  0.6246E-84  0.5747E-84
  -8.080  0.6246E-84  0.5809E-84
  -8.070  0.6246E-84  0.5871E-84
  -8.060  0.6246E-84  0.5934E-84
  -8.050  0.6246E-84  0.5996E-84
  -8.040  0.6246E-84  0.6059E-84
  -8.030  0.6246E-84  0.6121E-84
  -8.020  0.6246E-84  0.6184E-84
  -8.010  0.6246E-84  0.6246E-84
  -8.000  0.6246E-84  0.6309E-84
  -7.990  0.6246E-84  0.6371E-84
  -7.980  0.6246E-84  0.6434E-84
  -7.970  0.6246E-84  0.6496E-84
  -7.960  0.6246E-84  0.6559E-84
  -7.950  0.6246E-84  0.6621E-84
  -7.940  0.6246E-84  0.6683E-84
  -7.930  0.6246E-84  0.6746E-84
  -7.920  0.6246E-84  0.6808E-84
  -7.910  0.6246E-84  0.6871E-84
  -7.900  0.6246E-84  0.6933E-84
  -7.890  0.6246E-84  0.6996E-84
  -7.880  0.6246E-84  0.7058E-84
  -7.870  0.6246E-84  0.7121E-84
  -7.860  0.6246E-84  0.7183E-84
  -7.850  0.6246E-84  0.7246E-84
  -7.840  0.6246E-84  0.7308E-84
  -7.830  0.6246E-84  0.7371E-84
  -7.820  0.6246E-84  0.7433E-84
  -7.810  0.6246E-84  0.7495E-84
  -7.800  0.6246E-84  0.7558E-84
  -7.790  0.6246E-84  0.7620E-84
  -7.780  0.6246E-84  0.7683E-84
  -7.770  0.6246E-84  0.7745E-84
  -7.760  0.6246E-84  0.7808E-84
  -7.750  0.6246E-84  0.7870E-84
  -7.740  0.6246E-84  0.7933E-84
  -7.730  0.6246E-84  0.7995E-84
  -7.720  0.6246E-84  0.8058E-84
  -7.710  0.6246E-84  0.8120E-84
  -7.700  0.6246E-84  0.8183E-84
  -7.690  0.6246E-84  0.8245E-84
  -7.680  0.6246E-84  0.8307E-84
  -7.670  0.6246E-84  0.8370E-84
  -7.660  0.6246E-84  0.8432E-84
  -7.650  0.6246E-84  0.8495E-84
  -7.640  0.6246E-84  0.8557E-84
  -7.630  0.6246E-84  0.8620E-84
  -7.620  0.6246E-84  0.8682E-84
  -7.610  0.6246E-84  0.8745E-84
  -7.600  0.6246E-84  0.8807E-84
  -7.590  0.6246E-84  0.8870E-84
  -7.580  0.6246E-84  0.8932E-84
  -7.570  0.6246E-84  0.8995E-84
  -7.560  0.6246E-84  0.9057E-84
  -7.550  0.6246E-84  0.9120E-84
  -7.540  0.6246E-84  0.9182E-84
  -7.530  0.6246E-84  0.9244E-84
  -7.520  0.6246E-84  0.9307E-84
  -7.510  0.6246E-84  0.9369E-84
  -7.500  0.6246E-84  0.9432E-84
  -7.490  0.6246E-84  0.9494E-84
  -7.480  0.6246E-84  0.9557E-84
  -7.470  0.6246E-84  0.9619E-84
  -7.460  0.6246E-84  0.9682E-84
  -7.450  0.6246E-84  0.9744E-84
  -7.440  0.6246E-84  0.9807E-84
  -7.430  0.6246E-84  0.9869E-84
  -7.420  0.6246E-84  0.9932E-84
  -7.410  0.6246E-84  0.9994E-84
  -7.400  0.6246E-84  0.1006E-83
  -7.390  0.6246E-84  0.1012E-83
  -7.380  0.6246E-84  0.1018E-83
  -7.370  0.6246E-84  0.1024E-83
  -7.360  0.6246E-84  0.1031E-83
  -7.350  0.6246E-84  0.1037E-83
  -7.340  0.6246E-84  0.1043E-83
  -7.330  0.6246E-84  0.1049E-83
  -7.320  0.6246E-84  0.1056E-83
  -7.310  0.6246E-84  0.1062E-83
  -7.300  0.6246E-84  0.1068E-83
  -7.290  0.6246E-84  0.1074E-83
  -7.280  0.6246E-84  0.1081E-83
  -7.270  0.6246E-84  0.1087E-83
  -7.260  0.6246E-84  0.1093E-83
  -7.250  0.6246E-84  0.1099E-83
  -7.240  0.6246E-84  0.1106E-83
  -7.230  0.6246E-84  0.1112E-83
  -7.220  0.6246E-84  0.1118E-83
  -7.210  0.6246E-84  0.1124E-83
  -7.200  0.6246E-84  0.1131E-83
  -7.190  0.6246E-84  0.1137E-83
  -7.180  0.6246E-84  0.1143E-83
  -7.170  0.6246E-84  0.1149E-83
  -7.160  0.6246E-84  0.1156E-83
  -7.150  0.6246E-84  0.1162E-83
  -7.140  0.6246E-84  0.1168E-83
  -7.130  0.6246E-84  0.1174E-83
  -7.120  0.6246E-84  0.1181E-83
  -7.110  0.6246E-84  0.1187E-83
  -7.100  0.6246E-84  0.1193E-83
  -7.090  0.6246E-84  0.1199E-83
  -7.080  0.6246E-84  0.1206E-83
  -7.070  0.6246E-84  0.1212E-83
  -7.060  0.6246E-84  0.1218E-83
  -7.050  0.6246E-84  0.1224E-83
  -7.040  0.6246E-84  0.1231E-83
  -7.030  0.6246E-84  0.1237E-83
  -7.020  0.6246E-84  0.1243E-83
  -7.010  0.6246E-84  0.1249E-83
  -7.000  0.6246E-84  0.1255E-83
  -6.990  0.6246E-84  0.1262E-83
  -6.980  0.6246E-84  0.1268E-83
  -6.970  0.6246E-84  0.1274E-83
  -6.960  0.6246E-84  0.1280E-83
  -6.950  0.6246E-84  0.1287E-83
  -6.940  0.6246E-84  0.1293E-83
  -6.930  0.6246E-84  0.1299E-83
  -6.920  0.6246E-84  0.1305E-83
  -6.910  0.6246E-84  0.1312E-83
  -6.900  0.6246E-84  0.1318E-83
  -6.890  0.6246E-84  0.1324E-83
  -6.880  0.6246E-84  0.1330E-83
  -6.870  0.6246E-84  0.1337E-83
  -6.860  0.6246E-84  0.1343E-83
  -6.850  0.6246E-84  0.1349E-83
  -6.840  0.6246E-84  0.1355E-83
  -6.830  0.6246E-84  0.1362E-83
  -6.820  0.6246E-84  0.1368E-83
  -6.810  0.6246E-84  0.1374E-83
  -6.800  0.6246E-84  0.1380E-83
  -6.790  0.6246E-84  0.1387E-83
  -6.780  0.6246E-84  0.1393E-83
  -6.770  0.6246E-84  0.1399E-83
  -6.760  0.6246E-84  0.1405E-83
  -6.750  0.6246E-84  0.1412E-83
  -6.740  0.6246E-84  0.1418E-83
  -6.730  0.6246E-84  0.1424E-83
  -6.720  0.6246E-84  0.1430E-83
  -6.710  0.6246E-84  0.1437E-83
  -6.700  0.6246E-84  0.1443E-83
  -6.690  0.6246E-84  0.1449E-83
  -6.680  0.6246E-84  0.1455E-83
  -6.670  0.6246E-84  0.1462E-83
  -6.660  0.6246E-84  0.1468E-83
  -6.650  0.6246E-84  0.1474E-83
  -6.640  0.6246E-84  0.1480E-83
  -6.630  0.6246E-84  0.1487E-83
  -6.620  0.6246E-84  0.1493E-83
  -6.610  0.6246E-84  0.1499E-83
  -6.600  0.6246E-84  0.1505E-83
  -6.590  0.6246E-84  0.1512E-83
  -6.580  0.6246E-84  0.1518E-83
  -6.570  0.6246E-84  0.1524E-83
  -6.560  0.6246E-84  0.1530E-83
  -6.550  0.6246E-84  0.1537E-83
  -6.540  0.6246E-84  0.1543E-83
  -6.530  0.6246E-84  0.1549E-83
  -6.520  0.6246E-84  0.1555E-83
  -6.510  0.6246E-84  0.1562E-83
  -6.500  0.6246E-84  0.1568E-83
  -6.490  0.6246E-84  0.1574E-83
  -6.480  0.6246E-84  0.1580E-83
  -6.470  0.6246E-84  0.1587E-83
  -6.460  0.6246E-84  0.1593E-83
  -6.450  0.6246E-84  0.1599E-83
  -6.440  0.6246E-84  0.1605E-83
  -6.430  0.6246E-84  0.1612E-83
  -6.420  0.6246E-84  0.1618E-83
  -6.410  0.6246E-84  0.1624E-83
  -6.400  0.6246E-84  0.1630E-83
  -6.390  0.6246E-84  0.1637E-83
  -6.380  0.6246E-84  0.1643E-83
  -6.370  0.6246E-84  0.1649E-83
  -6.360  0.6246E-84  0.1655E-83
  -6.350  0.6246E-84  0.1661E-83
  -6.340  0.6246E-84  0.1668E-83
  -6.330  0.6246E-84  0.1674E-83
  -6.320  0.6246E-84  0.1680E-83
  -6.310  0.6246E-84  0.1686E-83
  -6.300  0.6246E-84  0.1693E-83
  -6.290  0.6246E-84  0.1699E-83
  -6.280  0.6246E-84  0.1705E-83
  -6.270  0.6246E-84  0.1711E-83
  -6.260  0.6246E-84  0.1718E-83
  -6.250  0.6246E-84  0.1724E-83
  -6.240  0.6246E-84  0.1730E-83
  -6.230  0.6246E-84  0.1736E-83
  -6.220  0.6246E-84  0.1743E-83
  -6.210  0.6246E-84  0.1749E-83
  -6.200  0.6246E-84  0.1755E-83
  -6.190  0.6246E-84  0.1761E-83
  -6.180  0.6246E-84  0.1768E-83
  -6.170  0.6246E-84  0.1774E-83
  -6.160  0.6246E-84  0.1780E-83
  -6.150  0.6246E-84  0.1786E-83
  -6.140  0.6246E-84  0.1793E-83
  -6.130  0.6246E-84  0.1799E-83
  -6.120  0.6246E-84  0.1805E-83
  -6.110  0.6246E-84  0.1811E-83
  -6.100  0.6246E-84  0.1818E-83
  -6.090  0.6246E-84  0.1824E-83
  -6.080  0.6246E-84  0.1830E-83
  -6.070  0.6246E-84  0.1836E-83
  -6.060  0.6246E-84  0.1843E-83
  -6.050  0.6246E-84  0.1849E-83
  -6.040  0.6246E-84  0.1855E-83
  -6.030  0.6246E-84  0.1861E-83
  -6.020  0.6246E-84  0.1868E-83
  -6.010  0.6246E-84  0.1874E-83
  -6.000  0.6246E-84  0.1880E-83
  -5.990  0.6246E-84  0.1886E-83
  -5.980  0.6246E-84  0.1893E-83
  -5.970  0.6246E-84  0.1899E-83
  -5.960  0.2579E-76  0.2579E-78
  -5.950  0.2786E-65  0.2786E-67
  -5.940  0.4074E-55  0.4074E-57
  -5.930  0.8062E-46  0.8062E-48
  -5.920  0.2159E-37  0.2159E-39
  -5.910  0.7825E-30  0.7825E-32
  -5.900  0.3838E-23  0.3838E-25
  -5.890  0.2548E-17  0.2548E-19
  -5.880  0.2289E-12  0.2289E-14
  -5.870  0.2783E-08  0.2783E-10
  -5.860  0.4579E-05  0.4582E-07
  -5.850  0.1020E-02  0.1024E-04
  -5.840  0.3073E-01  0.3175E-03
  -5.830  0.1253E+00  0.1571E-02
  -5.820  0.6918E-01  0.2263E-02
  -5.810  0.5168E-02  0.2314E-02
  -5.800  0.7263E-04  0.2315E-02
  -5.790  0.4008E-02  0.2355E-02
  -5.780  0.1067E+00  0.3422E-02
  -5.770  0.3841E+00  0.7263E-02
  -5.760  0.1872E+00  0.9135E-02
  -5.750  0.1235E-01  0.9259E-02
  -5.740  0.1455E-03  0.9260E-02
  -5.730  0.5804E-02  0.9318E-02
  -5.720  0.1294E+00  0.1061E-01
  -5.710  0.3907E+00  0.1452E-01
  -5.700  0.1596E+00  0.1612E-01
  -5.690  0.8824E-02  0.1620E-01
  -5.680  0.1401E-03  0.1621E-01
  -5.670  0.1046E-01  0.1631E-01
  -5.660  0.2006E+00  0.1832E-01
  -5.650  0.5218E+00  0.2353E-01
  -5.640  0.1842E+00  0.2538E-01
  -5.630  0.8816E-02  0.2546E-01
  -5.620  0.2887E-03  0.2547E-01
  -5.610  0.2549E-01  0.2572E-01
  -5.600  0.3799E+00  0.2952E-01
  -5.590  0.7664E+00  0.3719E-01
  -5.580  0.2092E+00  0.3928E-01
  -5.570  0.7729E-02  0.3935E-01
  -5.560  0.3434E-03  0.3936E-01
  -5.550  0.2364E-01  0.3959E-01
  -5.540  0.2482E+00  0.4208E-01
  -5.530  0.3527E+00  0.4560E-01
  -5.520  0.6781E-01  0.4628E-01
  -5.510  0.1766E-02  0.4630E-01
  -5.500  0.8797E-03  0.4631E-01
  -5.490  0.5763E-01  0.4688E-01
  -5.480  0.5291E+00  0.5218E-01
  -5.470  0.6773E+00  0.5895E-01
  -5.460  0.1209E+00  0.6016E-01
  -5.450  0.3016E-02  0.6019E-01
  -5.440  0.3664E-02  0.6022E-01
  -5.430  0.1596E+00  0.6182E-01
  -5.420  0.9784E+00  0.7160E-01
  -5.410  0.8394E+00  0.8000E-01
  -5.400  0.1004E+00  0.8100E-01
  -5.390  0.1677E-02  0.8102E-01
  -5.380  0.2873E-02  0.8105E-01
  -5.370  0.8902E-01  0.8194E-01
  -5.360  0.3737E+00  0.8567E-01
  -5.350  0.2123E+00  0.8780E-01
  -5.340  0.1633E-01  0.8796E-01
  -5.330  0.3287E-03  0.8796E-01
  -5.320  0.2017E-01  0.8817E-01
  -5.310  0.3617E+00  0.9178E-01
  -5.300  0.9075E+00  0.1009E+00
  -5.290  0.3158E+00  0.1040E+00
  -5.280  0.1513E-01  0.1042E+00
  -5.270  0.8333E-03  0.1042E+00
  -5.260  0.5533E-01  0.1047E+00
  -5.250  0.6050E+00  0.1108E+00
  -5.240  0.1063E+01  0.1214E+00
  -5.230  0.3395E+00  0.1248E+00
  -5.220  0.1984E-01  0.1250E+00
  -5.210  0.3865E-03  0.1250E+00
  -5.200  0.2309E-01  0.1252E+00
  -5.190  0.3629E+00  0.1289E+00
  -5.180  0.7719E+00  0.1366E+00
  -5.170  0.2222E+00  0.1388E+00
  -5.160  0.8767E-02  0.1389E+00
  -5.150  0.1531E-01  0.1390E+00
  -5.140  0.3193E+00  0.1422E+00
  -5.130  0.1079E+01  0.1530E+00
  -5.120  0.6119E+00  0.1591E+00
  -5.110  0.5721E-01  0.1597E+00
  -5.100  0.1161E-02  0.1597E+00
  -5.090  0.3087E-01  0.1600E+00
  -5.080  0.4587E+00  0.1646E+00
  -5.070  0.1124E+01  0.1759E+00
  -5.060  0.4432E+00  0.1803E+00
  -5.050  0.2640E-01  0.1806E+00
  -5.040  0.1028E-02  0.1806E+00
  -5.030  0.5612E-01  0.1811E+00
  -5.020  0.5311E+00  0.1864E+00
  -5.010  0.6801E+00  0.1932E+00
  -5.000  0.1179E+00  0.1944E+00
  -4.990  0.3138E-02  0.1944E+00
  -4.980  0.2683E-01  0.1947E+00
  -4.970  0.2620E+00  0.1973E+00
  -4.960  0.3942E+00  0.2013E+00
  -4.950  0.3867E+00  0.2051E+00
  -4.940  0.2848E+00  0.2080E+00
  -4.930  0.3418E-01  0.2083E+00
  -4.920  0.5770E-01  0.2089E+00
  -4.910  0.6499E+00  0.2154E+00
  -4.900  0.1432E+01  0.2297E+00
  -4.890  0.1069E+01  0.2404E+00
  -4.880  0.2537E+00  0.2430E+00
  -4.870  0.1594E-01  0.2431E+00
  -4.860  0.1785E+00  0.2449E+00
  -4.850  0.8134E+00  0.2530E+00
  -4.840  0.7782E+00  0.2608E+00
  -4.830  0.2829E+00  0.2636E+00
  -4.820  0.2788E-01  0.2639E+00
  -4.810  0.5836E-01  0.2645E+00
  -4.800  0.1565E+00  0.2661E+00
  -4.790  0.4303E+00  0.2704E+00
  -4.780  0.7638E+00  0.2780E+00
  -4.770  0.2015E+00  0.2800E+00
  -4.760  0.4653E-01  0.2805E+00
  -4.750  0.4699E+00  0.2852E+00
  -4.740  0.9671E+00  0.2949E+00
  -4.730  0.9334E+00  0.3042E+00
  -4.720  0.3472E+00  0.3077E+00
  -4.710  0.2049E-01  0.3079E+00
  -4.700  0.5155E-02  0.3079E+00
  -4.690  0.1197E+00  0.3091E+00
  -4.680  0.3887E+00  0.3130E+00
  -4.670  0.1708E+00  0.3147E+00
  -4.660  0.1019E-01  0.3148E+00
  -4.650  0.5555E-02  0.3149E+00
  -4.640  0.1663E+00  0.3165E+00
  -4.630  0.9381E+00  0.3259E+00
  -4.620  0.1269E+01  0.3386E+00
  -4.610  0.4793E+00  0.3434E+00
  -4.600  0.4762E+00  0.3482E+00
  -4.590  0.5809E+00  0.3540E+00
  -4.580  0.4960E+00  0.3589E+00
  -4.570  0.8018E+00  0.3669E+00
  -4.560  0.4202E+00  0.3711E+00
  -4.550  0.6616E+00  0.3778E+00
  -4.540  0.7272E+00  0.3850E+00
  -4.530  0.4642E+00  0.3897E+00
  -4.520  0.1463E+00  0.3911E+00
  -4.510  0.3592E-01  0.3915E+00
  -4.500  0.2680E+00  0.3942E+00
  -4.490  0.3573E+00  0.3978E+00
  -4.480  0.3883E+00  0.4016E+00
  -4.470  0.7812E+00  0.4094E+00
  -4.460  0.2694E+00  0.4121E+00
  -4.450  0.3532E+00  0.4157E+00
  -4.440  0.7773E+00  0.4234E+00
  -4.430  0.2409E+00  0.4259E+00
  -4.420  0.1101E+00  0.4270E+00
  -4.410  0.6751E+00  0.4337E+00
  -4.400  0.9917E+00  0.4436E+00
  -4.390  0.1136E+01  0.4550E+00
  -4.380  0.5296E+00  0.4603E+00
  -4.370  0.3238E+00  0.4635E+00
  -4.360  0.7839E+00  0.4714E+00
  -4.350  0.3045E+00  0.4744E+00
  -4.340  0.7312E-01  0.4751E+00
  -4.330  0.3374E+00  0.4785E+00
  -4.320  0.2695E+00  0.4812E+00
  -4.310  0.6204E-01  0.4818E+00
  -4.300  0.3851E+00  0.4857E+00
  -4.290  0.1015E+01  0.4958E+00
  -4.280  0.8840E+00  0.5047E+00
  -4.270  0.8454E+00  0.5131E+00
  -4.260  0.3119E+00  0.5162E+00
  -4.250  0.3268E+00  0.5195E+00
  -4.240  0.7824E+00  0.5273E+00
  -4.230  0.2656E+00  0.5300E+00
  -4.220  0.1516E-01  0.5301E+00
  -4.210  0.1002E+00  0.5311E+00
  -4.200  0.4764E+00  0.5359E+00
  -4.190  0.3168E+00  0.5391E+00
  -4.180  0.2947E-01  0.5394E+00
  -4.170  0.2695E-01  0.5396E+00
  -4.160  0.5401E+00  0.5450E+00
  -4.150  0.2051E+01  0.5655E+00
  -4.140  0.1845E+01  0.5840E+00
  -4.130  0.3841E+00  0.5878E+00
  -4.120  0.4562E-01  0.5883E+00
  -4.110  0.3730E+00  0.5920E+00
  -4.100  0.7757E+00  0.5998E+00
  -4.090  0.7373E+00  0.6071E+00
  -4.080  0.7198E+00  0.6143E+00
  -4.070  0.1456E+00  0.6158E+00
  -4.060  0.2707E+00  0.6185E+00
  -4.050  0.1293E+01  0.6314E+00
  -4.040  0.1159E+01  0.6430E+00
  -4.030  0.7363E+00  0.6504E+00
  -4.020  0.6542E+00  0.6569E+00
  -4.010  0.6298E+00  0.6632E+00
  -4.000  0.6897E+00  0.6701E+00
  -3.990  0.2404E+00  0.6725E+00
  -3.980  0.5579E+00  0.6781E+00
  -3.970  0.9141E+00  0.6873E+00
  -3.960  0.4521E+00  0.6918E+00
  -3.950  0.3589E-01  0.6921E+00
  -3.940  0.1410E-01  0.6923E+00
  -3.930  0.2426E+00  0.6947E+00
  -3.920  0.7692E+00  0.7024E+00
  -3.910  0.9109E+00  0.7115E+00
  -3.900  0.7183E+00  0.7187E+00
  -3.890  0.1216E+00  0.7199E+00
  -3.880  0.1041E+00  0.7209E+00
  -3.870  0.9888E+00  0.7308E+00
  -3.860  0.1397E+01  0.7448E+00
  -3.850  0.4012E+00  0.7488E+00
  -3.840  0.6873E+00  0.7557E+00
  -3.830  0.5352E+00  0.7610E+00
  -3.820  0.1726E+00  0.7628E+00
  -3.810  0.7725E+00  0.7705E+00
  -3.800  0.1159E+01  0.7821E+00
  -3.790  0.1050E+01  0.7926E+00
  -3.780  0.3533E+00  0.7961E+00
  -3.770  0.4046E-01  0.7965E+00
  -3.760  0.3706E+00  0.8002E+00
  -3.750  0.1136E+01  0.8116E+00
  -3.740  0.9747E+00  0.8213E+00
  -3.730  0.3647E+00  0.8250E+00
  -3.720  0.6695E+00  0.8317E+00
  -3.710  0.7434E+00  0.8391E+00
  -3.700  0.9744E+00  0.8488E+00
  -3.690  0.1772E+01  0.8666E+00
  -3.680  0.1780E+01  0.8844E+00
  -3.670  0.4608E+00  0.8890E+00
  -3.660  0.3084E+00  0.8921E+00
  -3.650  0.3468E+00  0.8955E+00
  -3.640  0.3967E+00  0.8995E+00
  -3.630  0.8768E+00  0.9083E+00
  -3.620  0.1045E+01  0.9187E+00
  -3.610  0.1338E+01  0.9321E+00
  -3.600  0.5061E+00  0.9372E+00
  -3.590  0.7802E-01  0.9379E+00
  -3.580  0.5607E+00  0.9435E+00
  -3.570  0.1535E+01  0.9589E+00
  -3.560  0.1284E+01  0.9717E+00
  -3.550  0.6383E+00  0.9781E+00
  -3.540  0.4533E+00  0.9826E+00
  -3.530  0.3686E+00  0.9863E+00
  -3.520  0.5848E+00  0.9922E+00
  -3.510  0.9187E+00  0.1001E+01
  -3.500  0.1441E+01  0.1016E+01
  -3.490  0.1689E+01  0.1033E+01
  -3.480  0.1655E+01  0.1049E+01
  -3.470  0.1312E+01  0.1062E+01
  -3.460  0.1381E+01  0.1076E+01
  -3.450  0.2293E+01  0.1099E+01
  -3.440  0.1504E+01  0.1114E+01
  -3.430  0.3758E+00  0.1118E+01
  -3.420  0.1938E-01  0.1118E+01
  -3.410  0.4350E-01  0.1118E+01
  -3.400  0.4792E+00  0.1123E+01
  -3.390  0.7167E+00  0.1130E+01
  -3.380  0.1451E+00  0.1132E+01
  -3.370  0.4014E-02  0.1132E+01
  -3.360  0.7957E-02  0.1132E+01
  -3.350  0.2131E+00  0.1134E+01
  -3.340  0.8122E+00  0.1142E+01
  -3.330  0.6954E+00  0.1149E+01
  -3.320  0.5222E+00  0.1154E+01
  -3.310  0.8552E+00  0.1163E+01
  -3.300  0.9276E+00  0.1172E+01
  -3.290  0.8630E+00  0.1181E+01
  -3.280  0.1331E+01  0.1194E+01
  -3.270  0.2042E+01  0.1215E+01
  -3.260  0.1216E+01  0.1227E+01
  -3.250  0.8750E+00  0.1236E+01
  -3.240  0.1623E+01  0.1252E+01
  -3.230  0.1354E+01  0.1265E+01
  -3.220  0.9772E+00  0.1275E+01
  -3.210  0.6127E+00  0.1281E+01
  -3.200  0.7911E+00  0.1289E+01
  -3.190  0.2437E+00  0.1292E+01
  -3.180  0.4233E-01  0.1292E+01
  -3.170  0.3019E+00  0.1295E+01
  -3.160  0.6947E+00  0.1302E+01
  -3.150  0.8245E+00  0.1310E+01
  -3.140  0.2705E+00  0.1313E+01
  -3.130  0.7645E+00  0.1321E+01
  -3.120  0.1978E+01  0.1340E+01
  -3.110  0.1670E+01  0.1357E+01
  -3.100  0.9670E+00  0.1367E+01
  -3.090  0.7062E+00  0.1374E+01
  -3.080  0.1212E+00  0.1375E+01
  -3.070  0.1804E-01  0.1375E+01
  -3.060  0.3083E+00  0.1378E+01
  -3.050  0.9778E+00  0.1388E+01
  -3.040  0.6634E+00  0.1395E+01
  -3.030  0.1251E+00  0.1396E+01
  -3.020  0.2627E+00  0.1399E+01
  -3.010  0.1111E+01  0.1410E+01
  -3.000  0.1508E+01  0.1425E+01
  -2.990  0.1531E+01  0.1440E+01
  -2.980  0.1284E+01  0.1453E+01
  -2.970  0.9613E+00  0.1462E+01
  -2.960  0.6099E+00  0.1469E+01
  -2.950  0.7787E+00  0.1476E+01
  -2.940  0.7956E+00  0.1484E+01
  -2.930  0.2362E+00  0.1487E+01
  -2.920  0.5563E+00  0.1492E+01
  -2.910  0.7062E+00  0.1499E+01
  -2.900  0.5934E+00  0.1505E+01
  -2.890  0.1099E+01  0.1516E+01
  -2.880  0.1754E+01  0.1534E+01
  -2.870  0.1661E+01  0.1550E+01
  -2.860  0.4887E+00  0.1555E+01
  -2.850  0.2930E-01  0.1556E+01
  -2.840  0.2683E-03  0.1556E+01
  -2.830  0.3425E-06  0.1556E+01
  -2.820  0.4129E-07  0.1556E+01
  -2.810  0.5456E-04  0.1556E+01
  -2.800  0.9771E-02  0.1556E+01
  -2.790  0.2371E+00  0.1558E+01
  -2.780  0.8071E+00  0.1566E+01
  -2.770  0.7564E+00  0.1574E+01
  -2.760  0.7743E+00  0.1581E+01
  -2.750  0.1869E+00  0.1583E+01
  -2.740  0.6319E-02  0.1583E+01
  -2.730  0.1032E-01  0.1583E+01
  -2.720  0.2435E+00  0.1586E+01
  -2.710  0.8014E+00  0.1594E+01
  -2.700  0.5827E+00  0.1600E+01
  -2.690  0.3793E+00  0.1604E+01
  -2.680  0.2678E+00  0.1606E+01
  -2.670  0.1393E+01  0.1620E+01
  -2.660  0.2174E+01  0.1642E+01
  -2.650  0.9664E+00  0.1652E+01
  -2.640  0.4139E+00  0.1656E+01
  -2.630  0.3459E+00  0.1659E+01
  -2.620  0.6402E-01  0.1660E+01
  -2.610  0.2138E+00  0.1662E+01
  -2.600  0.1383E+01  0.1676E+01
  -2.590  0.1787E+01  0.1694E+01
  -2.580  0.1059E+01  0.1704E+01
  -2.570  0.1207E+01  0.1716E+01
  -2.560  0.6191E+00  0.1722E+01
  -2.550  0.5934E+00  0.1728E+01
  -2.540  0.7511E+00  0.1736E+01
  -2.530  0.7404E+00  0.1743E+01
  -2.520  0.8433E+00  0.1752E+01
  -2.510  0.8561E+00  0.1760E+01
  -2.500  0.3387E+00  0.1764E+01
  -2.490  0.2592E-01  0.1764E+01
  -2.480  0.1849E+00  0.1766E+01
  -2.470  0.7564E+00  0.1773E+01
  -2.460  0.5248E+00  0.1779E+01
  -2.450  0.4512E+00  0.1783E+01
  -2.440  0.6205E+00  0.1789E+01
  -2.430  0.7554E+00  0.1797E+01
  -2.420  0.2805E+00  0.1800E+01
  -2.410  0.6770E+00  0.1806E+01
  -2.400  0.6949E+00  0.1813E+01
  -2.390  0.7806E+00  0.1821E+01
  -2.380  0.4749E+00  0.1826E+01
  -2.370  0.4223E-01  0.1826E+01
  -2.360  0.5092E-03  0.1826E+01
  -2.350  0.8308E-06  0.1826E+01
  -2.340  0.6530E-07  0.1826E+01
  -2.330  0.7701E-04  0.1826E+01
  -2.320  0.1232E-01  0.1827E+01
  -2.310  0.2669E+00  0.1829E+01
  -2.300  0.7825E+00  0.1837E+01
  -2.290  0.3104E+00  0.1840E+01
  -2.280  0.1690E-01  0.1840E+01
  -2.270  0.2601E-01  0.1841E+01
  -2.260  0.3827E+00  0.1844E+01
  -2.250  0.7654E+00  0.1852E+01
  -2.240  0.2072E+00  0.1854E+01
  -2.230  0.8626E-02  0.1854E+01
  -2.220  0.6571E-01  0.1855E+01
  -2.210  0.5633E+00  0.1860E+01
  -2.200  0.6538E+00  0.1867E+01
  -2.190  0.1027E+00  0.1868E+01
  -2.180  0.2190E-02  0.1868E+01
  -2.170  0.1725E-02  0.1868E+01
  -2.160  0.6724E-01  0.1869E+01
  -2.150  0.3901E+00  0.1873E+01
  -2.140  0.7075E+00  0.1880E+01
  -2.130  0.7544E+00  0.1887E+01
  -2.120  0.1836E+00  0.1889E+01
  -2.110  0.2830E+00  0.1892E+01
  -2.100  0.7382E+00  0.1899E+01
  -2.090  0.1406E+01  0.1913E+01
  -2.080  0.2048E+01  0.1934E+01
  -2.070  0.9773E+00  0.1944E+01
  -2.060  0.1047E+00  0.1945E+01
  -2.050  0.3665E+00  0.1948E+01
  -2.040  0.7711E+00  0.1956E+01
  -2.030  0.2202E+00  0.1958E+01
  -2.020  0.8797E-02  0.1958E+01
  -2.010  0.2956E-01  0.1959E+01
  -2.000  0.4060E+00  0.1963E+01
  -1.990  0.7560E+00  0.1970E+01
  -1.980  0.1905E+00  0.1972E+01
  -1.970  0.8821E-02  0.1972E+01
  -1.960  0.1066E+00  0.1973E+01
  -1.950  0.6609E+00  0.1980E+01
  -1.940  0.5603E+00  0.1986E+01
  -1.930  0.2338E+00  0.1988E+01
  -1.920  0.7427E+00  0.1995E+01
  -1.910  0.4360E+00  0.2000E+01
  -1.900  0.3469E-01  0.2000E+01
  -1.890  0.3735E-03  0.2000E+01
  -1.880  0.5443E-06  0.2000E+01
  -1.870  0.1073E-09  0.2000E+01
  -1.860  0.2865E-14  0.2000E+01
  -1.850  0.1035E-19  0.2000E+01
  -1.840  0.5058E-26  0.2000E+01
  -1.830  0.3346E-33  0.2000E+01
  -1.820  0.2996E-41  0.2000E+01
  -1.810  0.3630E-50  0.2000E+01
  -1.800  0.5953E-60  0.2000E+01
  -1.790  0.1321E-70  0.2000E+01
  -1.780  0.4030E-82  0.2000E+01
  -1.770  0.6246E-84  0.2000E+01
  -1.760  0.6246E-84  0.2000E+01
  -1.750  0.6246E-84  0.2000E+01
  -1.740  0.6246E-84  0.2000E+01
  -1.730  0.6246E-84  0.2000E+01
  -1.720  0.6246E-84  0.2000E+01
  -1.710  0.6246E-84  0.2000E+01
  -1.700  0.6246E-84  0.2000E+01
  -1.690  0.6246E-84  0.2000E+01
  -1.680  0.6246E-84  0.2000E+01
  -1.670  0.6246E-84  0.2000E+01
  -1.660  0.6246E-84  0.2000E+01
  -1.650  0.6246E-84  0.2000E+01
  -1.640  0.6246E-84  0.2000E+01
  -1.630  0.6246E-84  0.2000E+01
  -1.620  0.6246E-84  0.2000E+01
  -1.610  0.4755E-78  0.2000E+01
  -1.600  0.7534E-67  0.2000E+01
  -1.590  0.1615E-56  0.2000E+01
  -1.580  0.4688E-47  0.2000E+01
  -1.570  0.1841E-38  0.2000E+01
  -1.560  0.9786E-31  0.2000E+01
  -1.550  0.7039E-24  0.2000E+01
  -1.540  0.6853E-18  0.2000E+01
  -1.530  0.9029E-13  0.2000E+01
  -1.520  0.1610E-08  0.2000E+01
  -1.510  0.3885E-05  0.2000E+01
  -1.500  0.1270E-02  0.2000E+01
  -1.490  0.5679E-01  0.2001E+01
  -1.480  0.3879E+00  0.2004E+01
  -1.470  0.7893E+00  0.2012E+01
  -1.460  0.7625E+00  0.2020E+01
  -1.450  0.7168E+00  0.2027E+01
  -1.440  0.1147E+01  0.2039E+01
  -1.430  0.4955E+00  0.2044E+01
  -1.420  0.7784E+00  0.2051E+01
  -1.410  0.6886E+00  0.2058E+01
  -1.400  0.1560E+01  0.2074E+01
  -1.390  0.1757E+01  0.2091E+01
  -1.380  0.5457E+00  0.2097E+01
  -1.370  0.3547E-01  0.2097E+01
  -1.360  0.3625E-03  0.2097E+01
  -1.350  0.1732E-02  0.2097E+01
  -1.340  0.8955E-01  0.2098E+01
  -1.330  0.6271E+00  0.2104E+01
  -1.320  0.6239E+00  0.2111E+01
  -1.310  0.3499E+00  0.2114E+01
  -1.300  0.3348E+00  0.2118E+01
  -1.290  0.5495E-01  0.2118E+01
  -1.280  0.1225E-02  0.2118E+01
  -1.270  0.8335E-05  0.2118E+01
  -1.260  0.1760E-02  0.2118E+01
  -1.250  0.9042E-01  0.2119E+01
  -1.240  0.6286E+00  0.2125E+01
  -1.230  0.5914E+00  0.2131E+01
  -1.220  0.7530E-01  0.2132E+01
  -1.210  0.1308E-02  0.2132E+01
  -1.200  0.3066E-02  0.2132E+01
  -1.190  0.1251E+00  0.2133E+01
  -1.180  0.6910E+00  0.2140E+01
  -1.170  0.5167E+00  0.2145E+01
  -1.160  0.5282E-01  0.2146E+01
  -1.150  0.4417E-01  0.2146E+01
  -1.140  0.4796E+00  0.2151E+01
  -1.130  0.7164E+00  0.2158E+01
  -1.120  0.1448E+00  0.2160E+01
  -1.110  0.3963E-02  0.2160E+01
  -1.100  0.1467E-04  0.2160E+01
  -1.090  0.7353E-08  0.2160E+01
  -1.080  0.4691E-10  0.2160E+01
  -1.070  0.2802E-06  0.2160E+01
  -1.060  0.2289E-03  0.2160E+01
  -1.050  0.2538E-01  0.2160E+01
  -1.040  0.3911E+00  0.2164E+01
  -1.030  0.1036E+01  0.2174E+01
  -1.020  0.9929E+00  0.2184E+01
  -1.010  0.3300E+00  0.2187E+01
  -1.000  0.2127E+00  0.2190E+01
  -0.990  0.3810E+00  0.2193E+01
  -0.980  0.1066E+00  0.2194E+01
  -0.970  0.1955E+00  0.2196E+01
  -0.960  0.8313E+00  0.2205E+01
  -0.950  0.1021E+01  0.2215E+01
  -0.940  0.1038E+01  0.2225E+01
  -0.930  0.8581E+00  0.2234E+01
  -0.920  0.2191E+00  0.2236E+01
  -0.910  0.2471E+00  0.2239E+01
  -0.900  0.1479E+01  0.2253E+01
  -0.890  0.2749E+01  0.2281E+01
  -0.880  0.2247E+01  0.2303E+01
  -0.870  0.1148E+01  0.2315E+01
  -0.860  0.1397E+01  0.2329E+01
  -0.850  0.1741E+01  0.2346E+01
  -0.840  0.2549E+01  0.2372E+01
  -0.830  0.2326E+01  0.2395E+01
  -0.820  0.1742E+01  0.2412E+01
  -0.810  0.4435E+00  0.2417E+01
  -0.800  0.5827E+00  0.2423E+01
  -0.790  0.1845E+01  0.2441E+01
  -0.780  0.2052E+01  0.2462E+01
  -0.770  0.1528E+01  0.2477E+01
  -0.760  0.2574E+01  0.2503E+01
  -0.750  0.2344E+01  0.2526E+01
  -0.740  0.1416E+01  0.2540E+01
  -0.730  0.4183E+00  0.2544E+01
  -0.720  0.6109E+00  0.2551E+01
  -0.710  0.1168E+01  0.2562E+01
  -0.700  0.8603E+00  0.2571E+01
  -0.690  0.1188E+01  0.2583E+01
  -0.680  0.1915E+01  0.2602E+01
  -0.670  0.8913E+00  0.2611E+01
  -0.660  0.1106E+01  0.2622E+01
  -0.650  0.1319E+01  0.2635E+01
  -0.640  0.1777E+01  0.2653E+01
  -0.630  0.2166E+01  0.2674E+01
  -0.620  0.7923E+00  0.2682E+01
  -0.610  0.5214E-01  0.2683E+01
  -0.600  0.7635E-03  0.2683E+01
  -0.590  0.2455E-01  0.2683E+01
  -0.580  0.3744E+00  0.2687E+01
  -0.570  0.8429E+00  0.2695E+01
  -0.560  0.1021E+01  0.2706E+01
  -0.550  0.1576E+01  0.2721E+01
  -0.540  0.9804E+00  0.2731E+01
  -0.530  0.5449E+00  0.2737E+01
  -0.520  0.5356E+00  0.2742E+01
  -0.510  0.6799E+00  0.2749E+01
  -0.500  0.1111E+01  0.2760E+01
  -0.490  0.1032E+01  0.2770E+01
  -0.480  0.4930E+00  0.2775E+01
  -0.470  0.7793E+00  0.2783E+01
  -0.460  0.5580E+00  0.2788E+01
  -0.450  0.1170E+01  0.2800E+01
  -0.440  0.2548E+01  0.2826E+01
  -0.430  0.2108E+01  0.2847E+01
  -0.420  0.1363E+01  0.2860E+01
  -0.410  0.1244E+01  0.2873E+01
  -0.400  0.4334E+00  0.2877E+01
  -0.390  0.2432E-01  0.2877E+01
  -0.380  0.1977E-03  0.2877E+01
  -0.370  0.1075E-02  0.2877E+01
  -0.360  0.6716E-01  0.2878E+01
  -0.350  0.5679E+00  0.2884E+01
  -0.340  0.6499E+00  0.2890E+01
  -0.330  0.1007E+00  0.2891E+01
  -0.320  0.1142E-01  0.2891E+01
  -0.310  0.3006E+00  0.2894E+01
  -0.300  0.1407E+01  0.2908E+01
  -0.290  0.9632E+00  0.2918E+01
  -0.280  0.1069E+00  0.2919E+01
  -0.270  0.1768E+00  0.2921E+01
  -0.260  0.3900E+00  0.2925E+01
  -0.250  0.2523E+00  0.2927E+01
  -0.240  0.1174E+01  0.2939E+01
  -0.230  0.1786E+01  0.2957E+01
  -0.220  0.1452E+01  0.2971E+01
  -0.210  0.2299E+01  0.2994E+01
  -0.200  0.1307E+01  0.3007E+01
  -0.190  0.2915E+00  0.3010E+01
  -0.180  0.8513E+00  0.3019E+01
  -0.170  0.2072E+01  0.3040E+01
  -0.160  0.1606E+01  0.3056E+01
  -0.150  0.8225E+00  0.3064E+01
  -0.140  0.1205E+01  0.3076E+01
  -0.130  0.8317E+00  0.3084E+01
  -0.120  0.1375E+00  0.3086E+01
  -0.110  0.3501E-02  0.3086E+01
  -0.100  0.1235E-04  0.3086E+01
  -0.090  0.3167E-07  0.3086E+01
  -0.080  0.3818E-04  0.3086E+01
  -0.070  0.7666E-02  0.3086E+01
  -0.060  0.2083E+00  0.3088E+01
  -0.050  0.7659E+00  0.3095E+01
  -0.040  0.3812E+00  0.3099E+01
  -0.030  0.2567E-01  0.3100E+01
  -0.020  0.2340E-03  0.3100E+01
  -0.010  0.3275E-06  0.3100E+01
  -0.000  0.5222E-04  0.3100E+01
   0.010  0.9496E-02  0.3100E+01
   0.020  0.2360E+00  0.3102E+01
   0.030  0.8641E+00  0.3111E+01
   0.040  0.7225E+00  0.3118E+01
   0.050  0.2380E+00  0.3120E+01
   0.060  0.1544E+00  0.3122E+01
   0.070  0.7629E+00  0.3129E+01
   0.080  0.6346E+00  0.3136E+01
   0.090  0.3071E+00  0.3139E+01
   0.100  0.1078E+01  0.3150E+01
   0.110  0.7148E+00  0.3157E+01
   0.120  0.9123E-01  0.3158E+01
   0.130  0.2843E+00  0.3161E+01
   0.140  0.8320E+00  0.3169E+01
   0.150  0.2215E+01  0.3191E+01
   0.160  0.1934E+01  0.3210E+01
   0.170  0.7096E+00  0.3217E+01
   0.180  0.1459E+01  0.3232E+01
   0.190  0.8014E+00  0.3240E+01
   0.200  0.7089E-01  0.3241E+01
   0.210  0.9476E-03  0.3241E+01
   0.220  0.2170E-03  0.3241E+01
   0.230  0.2431E-01  0.3241E+01
   0.240  0.3717E+00  0.3245E+01
   0.250  0.7691E+00  0.3252E+01
   0.260  0.2154E+00  0.3255E+01
   0.270  0.8162E-02  0.3255E+01
   0.280  0.4186E-04  0.3255E+01
   0.290  0.2905E-07  0.3255E+01
   0.300  0.2729E-11  0.3255E+01
   0.310  0.1509E-14  0.3255E+01
   0.320  0.6196E-10  0.3255E+01
   0.330  0.3524E-06  0.3255E+01
   0.340  0.2712E-03  0.3255E+01
   0.350  0.2825E-01  0.3255E+01
   0.360  0.4003E+00  0.3259E+01
   0.370  0.8641E+00  0.3268E+01
   0.380  0.8536E+00  0.3276E+01
   0.390  0.5676E+00  0.3282E+01
   0.400  0.1340E+00  0.3283E+01
   0.410  0.3560E+00  0.3287E+01
   0.420  0.2448E+00  0.3289E+01
   0.430  0.2810E-01  0.3289E+01
   0.440  0.1701E+00  0.3291E+01
   0.450  0.7482E+00  0.3299E+01
   0.460  0.6608E+00  0.3305E+01
   0.470  0.1143E+01  0.3317E+01
   0.480  0.1191E+01  0.3329E+01
   0.490  0.7991E+00  0.3337E+01
   0.500  0.1184E+01  0.3348E+01
   0.510  0.1056E+01  0.3359E+01
   0.520  0.1333E+01  0.3372E+01
   0.530  0.1402E+01  0.3386E+01
   0.540  0.1041E+01  0.3397E+01
   0.550  0.3599E+00  0.3400E+01
   0.560  0.2111E+00  0.3402E+01
   0.570  0.3863E+00  0.3406E+01
   0.580  0.1110E+00  0.3407E+01
   0.590  0.4320E-02  0.3407E+01
   0.600  0.2276E-04  0.3407E+01
   0.610  0.1623E-07  0.3407E+01
   0.620  0.1566E-11  0.3407E+01
   0.630  0.4575E-14  0.3407E+01
   0.640  0.1574E-09  0.3407E+01
   0.650  0.7363E-06  0.3407E+01
   0.660  0.4661E-03  0.3407E+01
   0.670  0.3994E-01  0.3408E+01
   0.680  0.4631E+00  0.3412E+01
   0.690  0.7266E+00  0.3420E+01
   0.700  0.1543E+00  0.3421E+01
   0.710  0.4435E-02  0.3421E+01
   0.720  0.1725E-04  0.3421E+01
   0.730  0.1156E-07  0.3421E+01
   0.740  0.6343E-05  0.3421E+01
   0.750  0.2199E-02  0.3421E+01
   0.760  0.1031E+00  0.3422E+01
   0.770  0.6546E+00  0.3429E+01
   0.780  0.5624E+00  0.3435E+01
   0.790  0.6612E-01  0.3435E+01
   0.800  0.5389E-01  0.3436E+01
   0.810  0.5189E+00  0.3441E+01
   0.820  0.6897E+00  0.3448E+01
   0.830  0.1495E+00  0.3449E+01
   0.840  0.2592E+00  0.3452E+01
   0.850  0.3471E+00  0.3455E+01
   0.860  0.6364E-01  0.3456E+01
   0.870  0.1666E-02  0.3456E+01
   0.880  0.1083E-01  0.3456E+01
   0.890  0.2059E+00  0.3458E+01
   0.900  0.8760E+00  0.3467E+01
   0.910  0.1545E+01  0.3482E+01
   0.920  0.1569E+01  0.3498E+01
   0.930  0.1267E+01  0.3511E+01
   0.940  0.7116E+00  0.3518E+01
   0.950  0.4607E+00  0.3522E+01
   0.960  0.7704E+00  0.3530E+01
   0.970  0.2146E+00  0.3532E+01
   0.980  0.8105E-02  0.3532E+01
   0.990  0.4830E-04  0.3532E+01
   1.000  0.1893E-02  0.3532E+01
   1.010  0.7058E-01  0.3533E+01
   1.020  0.3561E+00  0.3537E+01
   1.030  0.2431E+00  0.3539E+01
   1.040  0.2247E-01  0.3539E+01
   1.050  0.2810E-03  0.3539E+01
   1.060  0.4755E-06  0.3539E+01
   1.070  0.1089E-09  0.3539E+01
   1.080  0.3376E-14  0.3539E+01
   1.090  0.1416E-19  0.3539E+01
   1.100  0.1318E-19  0.3539E+01
   1.110  0.3520E-14  0.3539E+01
   1.120  0.1272E-09  0.3539E+01
   1.130  0.6225E-06  0.3539E+01
   1.140  0.4122E-03  0.3539E+01
   1.150  0.3695E-01  0.3540E+01
   1.160  0.4514E+00  0.3544E+01
   1.170  0.8682E+00  0.3553E+01
   1.180  0.8651E+00  0.3562E+01
   1.190  0.5065E+00  0.3567E+01
   1.200  0.4853E-01  0.3567E+01
   1.210  0.6350E-03  0.3567E+01
   1.220  0.2782E-05  0.3567E+01
   1.230  0.8410E-03  0.3567E+01
   1.240  0.5777E-01  0.3568E+01
   1.250  0.5370E+00  0.3573E+01
   1.260  0.6879E+00  0.3580E+01
   1.270  0.4373E+00  0.3584E+01
   1.280  0.1151E+01  0.3596E+01
   1.290  0.5621E+00  0.3601E+01
   1.300  0.3783E-01  0.3602E+01
   1.310  0.3534E-03  0.3602E+01
   1.320  0.8074E-03  0.3602E+01
   1.330  0.3492E-01  0.3602E+01
   1.340  0.4296E+00  0.3607E+01
   1.350  0.1807E+01  0.3625E+01
   1.360  0.1743E+01  0.3642E+01
   1.370  0.3670E+00  0.3646E+01
   1.380  0.1619E-01  0.3646E+01
   1.390  0.1237E-03  0.3646E+01
   1.400  0.1414E-06  0.3646E+01
   1.410  0.2271E-10  0.3646E+01
   1.420  0.5004E-15  0.3646E+01
   1.430  0.1501E-20  0.3646E+01
   1.440  0.6104E-27  0.3646E+01
   1.450  0.8761E-29  0.3646E+01
   1.460  0.3982E-22  0.3646E+01
   1.470  0.2449E-16  0.3646E+01
   1.480  0.2039E-11  0.3646E+01
   1.490  0.2297E-07  0.3646E+01
   1.500  0.3502E-04  0.3646E+01
   1.510  0.7226E-02  0.3646E+01
   1.520  0.2018E+00  0.3648E+01
   1.530  0.7626E+00  0.3656E+01
   1.540  0.3901E+00  0.3659E+01
   1.550  0.2700E-01  0.3660E+01
   1.560  0.2529E-03  0.3660E+01
   1.570  0.3299E-06  0.3660E+01
   1.580  0.1482E-04  0.3660E+01
   1.590  0.3223E-02  0.3660E+01
   1.600  0.9486E-01  0.3661E+01
   1.610  0.3778E+00  0.3664E+01
   1.620  0.2036E+00  0.3667E+01
   1.630  0.1485E-01  0.3667E+01
   1.640  0.1492E-03  0.3667E+01
   1.650  0.1146E-02  0.3667E+01
   1.660  0.7036E-01  0.3667E+01
   1.670  0.6169E+00  0.3674E+01
   1.680  0.1128E+01  0.3685E+01
   1.690  0.1197E+01  0.3697E+01
   1.700  0.6518E+00  0.3703E+01
   1.710  0.4103E+00  0.3707E+01
   1.720  0.2621E+00  0.3710E+01
   1.730  0.7451E+00  0.3718E+01
   1.740  0.5064E+00  0.3723E+01
   1.750  0.3878E+00  0.3726E+01
   1.760  0.2777E+00  0.3729E+01
   1.770  0.5726E+00  0.3735E+01
   1.780  0.1846E+01  0.3753E+01
   1.790  0.1835E+01  0.3772E+01
   1.800  0.1286E+01  0.3785E+01
   1.810  0.1541E+01  0.3800E+01
   1.820  0.1872E+01  0.3819E+01
   1.830  0.7090E+00  0.3826E+01
   1.840  0.5739E-01  0.3826E+01
   1.850  0.7627E-01  0.3827E+01
   1.860  0.5983E+00  0.3833E+01
   1.870  0.8148E+00  0.3841E+01
   1.880  0.8592E+00  0.3850E+01
   1.890  0.6892E+00  0.3857E+01
   1.900  0.1058E+01  0.3867E+01
   1.910  0.1309E+01  0.3880E+01
   1.920  0.1571E+01  0.3896E+01
   1.930  0.2123E+01  0.3917E+01
   1.940  0.1743E+01  0.3935E+01
   1.950  0.2289E+01  0.3958E+01
   1.960  0.1848E+01  0.3976E+01
   1.970  0.3501E+00  0.3980E+01
   1.980  0.7408E+00  0.3987E+01
   1.990  0.1756E+01  0.4005E+01
   2.000  0.1576E+01  0.4020E+01
   2.010  0.6759E+00  0.4027E+01
   2.020  0.1185E+00  0.4028E+01
   2.030  0.6225E+00  0.4035E+01
   2.040  0.1421E+01  0.4049E+01
   2.050  0.1823E+01  0.4067E+01
   2.060  0.8652E+00  0.4076E+01
   2.070  0.1002E+00  0.4077E+01
   2.080  0.5710E+00  0.4082E+01
   2.090  0.1548E+01  0.4098E+01
   2.100  0.8113E+00  0.4106E+01
   2.110  0.1365E+01  0.4120E+01
   2.120  0.1475E+01  0.4134E+01
   2.130  0.1581E+01  0.4150E+01
   2.140  0.1225E+01  0.4162E+01
   2.150  0.8724E+00  0.4171E+01
   2.160  0.5622E+00  0.4177E+01
   2.170  0.1575E+01  0.4193E+01
   2.180  0.1347E+01  0.4206E+01
   2.190  0.2268E+00  0.4208E+01
   2.200  0.7309E-01  0.4209E+01
   2.210  0.8842E+00  0.4218E+01
   2.220  0.2188E+01  0.4240E+01
   2.230  0.1181E+01  0.4252E+01
   2.240  0.1512E+01  0.4267E+01
   2.250  0.1853E+01  0.4285E+01
   2.260  0.1050E+01  0.4296E+01
   2.270  0.1215E+01  0.4308E+01
   2.280  0.1349E+01  0.4321E+01
   2.290  0.9898E+00  0.4331E+01
   2.300  0.8750E+00  0.4340E+01
   2.310  0.1349E+01  0.4353E+01
   2.320  0.1797E+01  0.4371E+01
   2.330  0.1098E+01  0.4382E+01
   2.340  0.1259E+01  0.4395E+01
   2.350  0.1893E+01  0.4414E+01
   2.360  0.1279E+01  0.4427E+01
   2.370  0.3641E+00  0.4430E+01
   2.380  0.1951E-01  0.4431E+01
   2.390  0.8106E-03  0.4431E+01
   2.400  0.5273E-01  0.4431E+01
   2.410  0.6993E+00  0.4438E+01
   2.420  0.2340E+01  0.4461E+01
   2.430  0.2653E+01  0.4488E+01
   2.440  0.1513E+01  0.4503E+01
   2.450  0.6025E+00  0.4509E+01
   2.460  0.1198E+01  0.4521E+01
   2.470  0.1142E+01  0.4533E+01
   2.480  0.2093E+00  0.4535E+01
   2.490  0.9352E-02  0.4535E+01
   2.500  0.1397E+00  0.4536E+01
   2.510  0.1041E+01  0.4547E+01
   2.520  0.1499E+01  0.4562E+01
   2.530  0.1034E+01  0.4572E+01
   2.540  0.4489E+00  0.4576E+01
   2.550  0.5645E+00  0.4582E+01
   2.560  0.1605E+01  0.4598E+01
   2.570  0.1348E+01  0.4612E+01
   2.580  0.6570E+00  0.4618E+01
   2.590  0.4164E+00  0.4622E+01
   2.600  0.4858E+00  0.4627E+01
   2.610  0.1433E+01  0.4641E+01
   2.620  0.1450E+01  0.4656E+01
   2.630  0.8516E+00  0.4665E+01
   2.640  0.1024E+01  0.4675E+01
   2.650  0.1228E+01  0.4687E+01
   2.660  0.1166E+01  0.4699E+01
   2.670  0.6325E+00  0.4705E+01
   2.680  0.5276E+00  0.4710E+01
   2.690  0.1596E+01  0.4726E+01
   2.700  0.2602E+01  0.4752E+01
   2.710  0.2400E+01  0.4776E+01
   2.720  0.2211E+01  0.4798E+01
   2.730  0.2114E+01  0.4820E+01
   2.740  0.1500E+01  0.4835E+01
   2.750  0.1181E+01  0.4846E+01
   2.760  0.1162E+01  0.4858E+01
   2.770  0.3338E+00  0.4861E+01
   2.780  0.5042E+00  0.4866E+01
   2.790  0.1528E+01  0.4882E+01
   2.800  0.1902E+01  0.4901E+01
   2.810  0.1033E+01  0.4911E+01
   2.820  0.3332E+00  0.4914E+01
   2.830  0.7784E+00  0.4922E+01
   2.840  0.5422E+00  0.4928E+01
   2.850  0.7694E+00  0.4935E+01
   2.860  0.4318E+00  0.4940E+01
   2.870  0.1840E+00  0.4941E+01
   2.880  0.1128E+01  0.4953E+01
   2.890  0.2223E+01  0.4975E+01
   2.900  0.1582E+01  0.4991E+01
   2.910  0.4520E+00  0.4995E+01
   2.920  0.2745E+00  0.4998E+01
   2.930  0.1120E+01  0.5009E+01
   2.940  0.2433E+01  0.5033E+01
   2.950  0.2693E+01  0.5060E+01
   2.960  0.1348E+01  0.5074E+01
   2.970  0.9337E+00  0.5083E+01
   2.980  0.2881E+00  0.5086E+01
   2.990  0.7232E+00  0.5093E+01
   3.000  0.1840E+01  0.5112E+01
   3.010  0.2357E+01  0.5135E+01
   3.020  0.1683E+01  0.5152E+01
   3.030  0.2883E+00  0.5155E+01
   3.040  0.4210E-01  0.5155E+01
   3.050  0.4834E+00  0.5160E+01
   3.060  0.1215E+01  0.5172E+01
   3.070  0.1492E+01  0.5187E+01
   3.080  0.1951E+01  0.5207E+01
   3.090  0.1442E+01  0.5221E+01
   3.100  0.1363E+01  0.5235E+01
   3.110  0.2822E+01  0.5263E+01
   3.120  0.1979E+01  0.5283E+01
   3.130  0.6102E+00  0.5289E+01
   3.140  0.7804E+00  0.5297E+01
   3.150  0.4103E+00  0.5301E+01
   3.160  0.5851E+00  0.5307E+01
   3.170  0.2128E+01  0.5328E+01
   3.180  0.2467E+01  0.5353E+01
   3.190  0.3168E+01  0.5384E+01
   3.200  0.1900E+01  0.5403E+01
   3.210  0.7773E+00  0.5411E+01
   3.220  0.1471E+01  0.5426E+01
   3.230  0.1034E+01  0.5436E+01
   3.240  0.5391E+00  0.5442E+01
   3.250  0.1353E+01  0.5455E+01
   3.260  0.1752E+01  0.5473E+01
   3.270  0.1619E+01  0.5489E+01
   3.280  0.2025E+01  0.5509E+01
   3.290  0.2613E+01  0.5535E+01
   3.300  0.2333E+01  0.5559E+01
   3.310  0.2475E+01  0.5583E+01
   3.320  0.2091E+01  0.5604E+01
   3.330  0.1670E+01  0.5621E+01
   3.340  0.7817E+00  0.5629E+01
   3.350  0.1300E+01  0.5642E+01
   3.360  0.1471E+01  0.5656E+01
   3.370  0.1078E+01  0.5667E+01
   3.380  0.1112E+01  0.5678E+01
   3.390  0.1581E+01  0.5694E+01
   3.400  0.1481E+01  0.5709E+01
   3.410  0.9125E+00  0.5718E+01
   3.420  0.1482E+01  0.5733E+01
   3.430  0.2124E+01  0.5754E+01
   3.440  0.1222E+01  0.5766E+01
   3.450  0.1422E+01  0.5781E+01
   3.460  0.2481E+01  0.5805E+01
   3.470  0.2003E+01  0.5825E+01
   3.480  0.2194E+01  0.5847E+01
   3.490  0.1437E+01  0.5862E+01
   3.500  0.6413E+00  0.5868E+01
   3.510  0.3865E+00  0.5872E+01
   3.520  0.8391E+00  0.5880E+01
   3.530  0.1227E+01  0.5893E+01
   3.540  0.1309E+01  0.5906E+01
   3.550  0.1075E+01  0.5916E+01
   3.560  0.8505E+00  0.5925E+01
   3.570  0.7491E+00  0.5932E+01
   3.580  0.1138E+01  0.5944E+01
   3.590  0.5716E+00  0.5950E+01
   3.600  0.1985E+01  0.5969E+01
   3.610  0.2387E+01  0.5993E+01
   3.620  0.1601E+01  0.6009E+01
   3.630  0.1675E+01  0.6026E+01
   3.640  0.9274E+00  0.6035E+01
   3.650  0.1050E+01  0.6046E+01
   3.660  0.1559E+01  0.6061E+01
   3.670  0.1894E+01  0.6080E+01
   3.680  0.2074E+01  0.6101E+01
   3.690  0.2231E+01  0.6123E+01
   3.700  0.2454E+01  0.6148E+01
   3.710  0.1514E+01  0.6163E+01
   3.720  0.1214E+01  0.6175E+01
   3.730  0.1880E+01  0.6194E+01
   3.740  0.1544E+01  0.6209E+01
   3.750  0.9268E+00  0.6219E+01
   3.760  0.8074E+00  0.6227E+01
   3.770  0.7922E+00  0.6235E+01
   3.780  0.1824E+01  0.6253E+01
   3.790  0.2392E+01  0.6277E+01
   3.800  0.1486E+01  0.6292E+01
   3.810  0.1235E+01  0.6304E+01
   3.820  0.1638E+01  0.6320E+01
   3.830  0.2300E+01  0.6343E+01
   3.840  0.2170E+01  0.6365E+01
   3.850  0.1718E+01  0.6382E+01
   3.860  0.1720E+01  0.6400E+01
   3.870  0.5247E+00  0.6405E+01
   3.880  0.6689E-01  0.6405E+01
   3.890  0.4770E+00  0.6410E+01
   3.900  0.1206E+01  0.6422E+01
   3.910  0.1301E+01  0.6435E+01
   3.920  0.5774E+00  0.6441E+01
   3.930  0.8811E+00  0.6450E+01
   3.940  0.1656E+01  0.6466E+01
   3.950  0.2007E+01  0.6487E+01
   3.960  0.1158E+01  0.6498E+01
   3.970  0.4173E+00  0.6502E+01
   3.980  0.4976E+00  0.6507E+01
   3.990  0.1178E+01  0.6519E+01
   4.000  0.5606E+00  0.6525E+01
   4.010  0.7779E+00  0.6532E+01
   4.020  0.9212E+00  0.6542E+01
   4.030  0.2018E+01  0.6562E+01
   4.040  0.3338E+01  0.6595E+01
   4.050  0.2595E+01  0.6621E+01
   4.060  0.1762E+01  0.6639E+01
   4.070  0.9508E+00  0.6648E+01
   4.080  0.1242E+01  0.6661E+01
   4.090  0.1283E+01  0.6674E+01
   4.100  0.1415E+01  0.6688E+01
   4.110  0.8986E+00  0.6697E+01
   4.120  0.1301E+01  0.6710E+01
   4.130  0.1270E+01  0.6722E+01
   4.140  0.1025E+01  0.6733E+01
   4.150  0.2047E+01  0.6753E+01
   4.160  0.1897E+01  0.6772E+01
   4.170  0.1502E+01  0.6787E+01
   4.180  0.1688E+01  0.6804E+01
   4.190  0.1357E+01  0.6818E+01
   4.200  0.6306E+00  0.6824E+01
   4.210  0.1100E+01  0.6835E+01
   4.220  0.8213E+00  0.6843E+01
   4.230  0.9324E+00  0.6852E+01
   4.240  0.1279E+01  0.6865E+01
   4.250  0.1195E+01  0.6877E+01
   4.260  0.1632E+01  0.6893E+01
   4.270  0.2071E+01  0.6914E+01
   4.280  0.1682E+01  0.6931E+01
   4.290  0.7837E+00  0.6939E+01
   4.300  0.1087E+00  0.6940E+01
   4.310  0.1533E+00  0.6941E+01
   4.320  0.6259E+00  0.6948E+01
   4.330  0.6896E+00  0.6955E+01
   4.340  0.1352E+01  0.6968E+01
   4.350  0.2276E+01  0.6991E+01
   4.360  0.2101E+01  0.7012E+01
   4.370  0.2238E+01  0.7034E+01
   4.380  0.2047E+01  0.7055E+01
   4.390  0.1634E+01  0.7071E+01
   4.400  0.4589E+00  0.7076E+01
   4.410  0.8933E+00  0.7085E+01
   4.420  0.1375E+01  0.7098E+01
   4.430  0.1170E+01  0.7110E+01
   4.440  0.1272E+01  0.7123E+01
   4.450  0.6417E+00  0.7129E+01
   4.460  0.3385E+00  0.7133E+01
   4.470  0.3443E+00  0.7136E+01
   4.480  0.6492E-01  0.7137E+01
   4.490  0.2194E+00  0.7139E+01
   4.500  0.1815E+01  0.7157E+01
   4.510  0.3270E+01  0.7190E+01
   4.520  0.2759E+01  0.7217E+01
   4.530  0.1467E+01  0.7232E+01
   4.540  0.5208E+00  0.7237E+01
   4.550  0.9698E+00  0.7247E+01
   4.560  0.1556E+01  0.7262E+01
   4.570  0.2078E+01  0.7283E+01
   4.580  0.1380E+01  0.7297E+01
   4.590  0.1429E+01  0.7311E+01
   4.600  0.1593E+01  0.7327E+01
   4.610  0.7624E+00  0.7335E+01
   4.620  0.3656E+00  0.7338E+01
   4.630  0.6810E+00  0.7345E+01
   4.640  0.1202E+01  0.7357E+01
   4.650  0.1120E+01  0.7368E+01
   4.660  0.9015E+00  0.7378E+01
   4.670  0.1554E+01  0.7393E+01
   4.680  0.6956E+00  0.7400E+01
   4.690  0.1057E+00  0.7401E+01
   4.700  0.4921E+00  0.7406E+01
   4.710  0.1666E+01  0.7423E+01
   4.720  0.2082E+01  0.7443E+01
   4.730  0.6315E+00  0.7450E+01
   4.740  0.4016E+00  0.7454E+01
   4.750  0.2655E+00  0.7456E+01
   4.760  0.7487E+00  0.7464E+01
   4.770  0.1662E+01  0.7481E+01
   4.780  0.7964E+00  0.7489E+01
   4.790  0.4507E+00  0.7493E+01
   4.800  0.7571E+00  0.7501E+01
   4.810  0.1592E+01  0.7517E+01
   4.820  0.1720E+01  0.7534E+01
   4.830  0.1675E+01  0.7550E+01
   4.840  0.2303E+01  0.7573E+01
   4.850  0.1629E+01  0.7590E+01
   4.860  0.1709E+01  0.7607E+01
   4.870  0.9770E+00  0.7617E+01
   4.880  0.7926E+00  0.7625E+01
   4.890  0.6443E+00  0.7631E+01
   4.900  0.9912E-01  0.7632E+01
   4.910  0.2194E+00  0.7634E+01
   4.920  0.8153E+00  0.7642E+01
   4.930  0.9355E+00  0.7652E+01
   4.940  0.1118E+01  0.7663E+01
   4.950  0.3638E+00  0.7667E+01
   4.960  0.1580E+00  0.7668E+01
   4.970  0.3918E+00  0.7672E+01
   4.980  0.1529E+00  0.7674E+01
   4.990  0.1198E+00  0.7675E+01
   5.000  0.8351E+00  0.7683E+01
   5.010  0.1367E+01  0.7697E+01
   5.020  0.7714E+00  0.7704E+01
   5.030  0.3525E+00  0.7708E+01
   5.040  0.2343E+00  0.7710E+01
   5.050  0.4014E+00  0.7714E+01
   5.060  0.2927E+00  0.7717E+01
   5.070  0.5382E+00  0.7723E+01
   5.080  0.8247E+00  0.7731E+01
   5.090  0.2830E+00  0.7734E+01
   5.100  0.1757E+00  0.7736E+01
   5.110  0.4461E+00  0.7740E+01
   5.120  0.8004E+00  0.7748E+01
   5.130  0.1126E+01  0.7759E+01
   5.140  0.5689E+00  0.7765E+01
   5.150  0.7881E+00  0.7773E+01
   5.160  0.2665E+00  0.7775E+01
   5.170  0.1984E+00  0.7777E+01
   5.180  0.4180E+00  0.7782E+01
   5.190  0.4529E+00  0.7786E+01
   5.200  0.9607E+00  0.7796E+01
   5.210  0.1076E+01  0.7807E+01
   5.220  0.3669E+00  0.7810E+01
   5.230  0.2746E+00  0.7813E+01
   5.240  0.3701E+00  0.7817E+01
   5.250  0.3043E+00  0.7820E+01
   5.260  0.6418E+00  0.7826E+01
   5.270  0.1180E+01  0.7838E+01
   5.280  0.6769E+00  0.7845E+01
   5.290  0.4791E+00  0.7849E+01
   5.300  0.7486E+00  0.7857E+01
   5.310  0.1786E+00  0.7859E+01
   5.320  0.8947E-02  0.7859E+01
   5.330  0.1164E+00  0.7860E+01
   5.340  0.6819E+00  0.7867E+01
   5.350  0.8065E+00  0.7875E+01
   5.360  0.2309E+00  0.7877E+01
   5.370  0.1529E-01  0.7877E+01
   5.380  0.1079E+00  0.7878E+01
   5.390  0.6631E+00  0.7885E+01
   5.400  0.5523E+00  0.7891E+01
   5.410  0.6614E-01  0.7891E+01
   5.420  0.1116E+00  0.7892E+01
   5.430  0.5184E+00  0.7898E+01
   5.440  0.5817E+00  0.7903E+01
   5.450  0.1660E+00  0.7905E+01
   5.460  0.8265E-02  0.7905E+01
   5.470  0.5446E-02  0.7905E+01
   5.480  0.1246E+00  0.7906E+01
   5.490  0.3907E+00  0.7910E+01
   5.500  0.2334E+00  0.7913E+01
   5.510  0.7425E+00  0.7920E+01
   5.520  0.1066E+01  0.7931E+01
   5.530  0.2100E+00  0.7933E+01
   5.540  0.2771E-01  0.7933E+01
   5.550  0.2416E+00  0.7936E+01
   5.560  0.3578E+00  0.7939E+01
   5.570  0.1121E+00  0.7940E+01
   5.580  0.3056E+00  0.7943E+01
   5.590  0.3066E+00  0.7946E+01
   5.600  0.4187E-01  0.7947E+01
   5.610  0.7741E-03  0.7947E+01
   5.620  0.2131E-05  0.7947E+01
   5.630  0.1314E-03  0.7947E+01
   5.640  0.1212E-01  0.7947E+01
   5.650  0.1677E+00  0.7949E+01
   5.660  0.5913E+00  0.7954E+01
   5.670  0.9561E+00  0.7964E+01
   5.680  0.7395E+00  0.7971E+01
   5.690  0.2891E+00  0.7974E+01
   5.700  0.2180E-01  0.7975E+01
   5.710  0.1671E-01  0.7975E+01
   5.720  0.2132E+00  0.7977E+01
   5.730  0.3733E+00  0.7981E+01
   5.740  0.8846E-01  0.7981E+01
   5.750  0.2886E-02  0.7981E+01
   5.760  0.7282E-02  0.7982E+01
   5.770  0.1451E+00  0.7983E+01
   5.780  0.3918E+00  0.7987E+01
   5.790  0.1432E+00  0.7988E+01
   5.800  0.7083E-02  0.7988E+01
   5.810  0.4749E-04  0.7988E+01
   5.820  0.7242E-04  0.7988E+01
   5.830  0.9376E-02  0.7989E+01
   5.840  0.1644E+00  0.7990E+01
   5.850  0.3900E+00  0.7994E+01
   5.860  0.1252E+00  0.7995E+01
   5.870  0.5453E-02  0.7995E+01
   5.880  0.2417E-02  0.7995E+01
   5.890  0.6691E-01  0.7996E+01
   5.900  0.2540E+00  0.7999E+01
   5.910  0.1305E+00  0.8000E+01
   5.920  0.9074E-02  0.8000E+01
   5.930  0.8539E-04  0.8000E+01
   5.940  0.1088E-06  0.8000E+01
   5.950  0.1874E-10  0.8000E+01
   5.960  0.4372E-15  0.8000E+01
   5.970  0.1380E-20  0.8000E+01
   5.980  0.5896E-27  0.8000E+01
   5.990  0.3409E-34  0.8000E+01
   6.000  0.2668E-42  0.8000E+01
   6.010  0.2825E-51  0.8000E+01
   6.020  0.4049E-61  0.8000E+01
   6.030  0.7853E-72  0.8000E+01
   6.040  0.2686E-83  0.8000E+01
   6.050  0.6246E-84  0.8000E+01
   6.060  0.6246E-84  0.8000E+01
   6.070  0.6246E-84  0.8000E+01
   6.080  0.6246E-84  0.8000E+01
   6.090  0.6246E-84  0.8000E+01
   6.100  0.6246E-84  0.8000E+01
   6.110  0.6246E-84  0.8000E+01
   6.120  0.6246E-84  0.8000E+01
   6.130  0.6246E-84  0.8000E+01
   6.140  0.6246E-84  0.8000E+01
   6.150  0.6246E-84  0.8000E+01
   6.160  0.6246E-84  0.8000E+01
   6.170  0.6246E-84  0.8000E+01
   6.180  0.6246E-84  0.8000E+01
   6.190  0.6246E-84  0.8000E+01
   6.200  0.6246E-84  0.8000E+01
   6.210  0.6246E-84  0.8000E+01
   6.220  0.6246E-84  0.8000E+01
   6.230  0.6246E-84  0.8000E+01
   6.240  0.6246E-84  0.8000E+01
   6.250  0.6246E-84  0.8000E+01
   6.260  0.6246E-84  0.8000E+01
   6.270  0.6246E-84  0.8000E+01
   6.280  0.6246E-84  0.8000E+01
   6.290  0.6246E-84  0.8000E+01
   6.300  0.6246E-84  0.8000E+01
   6.310  0.6246E-84  0.8000E+01
   6.320  0.6246E-84  0.8000E+01
   6.330  0.6246E-84  0.8000E+01
   6.340  0.6246E-84  0.8000E+01
   6.350  0.6246E-84  0.8000E+01
   6.360  0.6246E-84  0.8000E+01
   6.370  0.6246E-84  0.8000E+01
   6.380  0.6246E-84  0.8000E+01
   6.390  0.6246E-84  0.8000E+01
   6.400  0.6246E-84  0.8000E+01
   6.410  0.6246E-84  0.8000E+01
   6.420  0.6246E-84  0.8000E+01
   6.430  0.6246E-84  0.8000E+01
   6.440  0.6246E-84  0.8000E+01
   6.450  0.6246E-84  0.8000E+01
   6.460  0.6246E-84  0.8000E+01
   6.470  0.6246E-84  0.8000E+01
   6.480  0.6246E-84  0.8000E+01
   6.490  0.6246E-84  0.8000E+01
   6.500  0.6246E-84  0.8000E+01
   6.510  0.6246E-84  0.8000E+01
   6.520  0.6246E-84  0.8000E+01
   6.530  0.6246E-84  0.8000E+01
   6.540  0.6246E-84  0.8000E+01
   6.550  0.6246E-84  0.8000E+01
   6.560  0.6246E-84  0.8000E+01
   6.570  0.6246E-84  0.8000E+01
   6.580  0.6246E-84  0.8000E+01
   6.590  0.6246E-84  0.8000E+01
   6.600  0.6246E-84  0.8000E+01
   6.610  0.6246E-84  0.8000E+01
   6.620  0.6246E-84  0.8000E+01
   6.630  0.6246E-84  0.8000E+01
   6.640  0.6246E-84  0.8000E+01
   6.650  0.6246E-84  0.8000E+01
   6.660  0.6246E-84  0.8000E+01
   6.670  0.6246E-84  0.8000E+01
   6.680  0.6246E-84  0.8000E+01
   6.690  0.6246E-84  0.8000E+01
   6.700  0.6246E-84  0.8000E+01
   6.710  0.6246E-84  0.8000E+01
   6.720  0.6246E-84  0.8000E+01
   6.730  0.6246E-84  0.8000E+01
   6.740  0.6246E-84  0.8000E+01
   6.750  0.6246E-84  0.8000E+01
   6.760  0.6246E-84  0.8000E+01
   6.770  0.6246E-84  0.8000E+01
   6.780  0.6246E-84  0.8000E+01
   6.790  0.6246E-84  0.8000E+01
   6.800  0.6246E-84  0.8000E+01
   6.810  0.6246E-84  0.8000E+01
   6.820  0.6246E-84  0.8000E+01
   6.830  0.6246E-84  0.8000E+01
   6.840  0.6246E-84  0.8000E+01
   6.850  0.6246E-84  0.8000E+01
   6.860  0.6246E-84  0.8000E+01
   6.870  0.6246E-84  0.8000E+01
   6.880  0.6246E-84  0.8000E+01
   6.890  0.6246E-84  0.8000E+01
   6.900  0.6246E-84  0.8000E+01
   6.910  0.6246E-84  0.8000E+01
   6.920  0.6246E-84  0.8000E+01
   6.930  0.6246E-84  0.8000E+01
   6.940  0.6246E-84  0.8000E+01
   6.950  0.6246E-84  0.8000E+01
   6.960  0.6246E-84  0.8000E+01
   6.970  0.6246E-84  0.8000E+01
   6.980  0.6246E-84  0.8000E+01
   6.990  0.6246E-84  0.8000E+01
   7.000  0.6246E-84  0.8000E+01
   7.010  0.6246E-84  0.8000E+01
   7.020  0.6246E-84  0.8000E+01
   7.030  0.6246E-84  0.8000E+01
   7.040  0.6246E-84  0.8000E+01
   7.050  0.6246E-84  0.8000E+01
   7.060  0.6246E-84  0.8000E+01
   7.070  0.6246E-84  0.8000E+01
   7.080  0.6246E-84  0.8000E+01
   7.090  0.6246E-84  0.8000E+01
   7.100  0.6246E-84  0.8000E+01
   7.110  0.6246E-84  0.8000E+01
   7.120  0.6246E-84  0.8000E+01
   7.130  0.6246E-84  0.8000E+01
   7.140  0.6246E-84  0.8000E+01
   7.150  0.6246E-84  0.8000E+01
   7.160  0.6246E-84  0.8000E+01
   7.170  0.6246E-84  0.8000E+01
   7.180  0.6246E-84  0.8000E+01
   7.190  0.6246E-84  0.8000E+01
   7.200  0.6246E-84  0.8000E+01
   7.210  0.6246E-84  0.8000E+01
   7.220  0.6246E-84  0.8000E+01
   7.230  0.6246E-84  0.8000E+01
   7.240  0.6246E-84  0.8000E+01
   7.250  0.6246E-84  0.8000E+01
   7.260  0.6246E-84  0.8000E+01
   7.270  0.6246E-84  0.8000E+01
   7.280  0.6246E-84  0.8000E+01
   7.290  0.6246E-84  0.8000E+01
   7.300  0.6246E-84  0.8000E+01
   7.310  0.6246E-84  0.8000E+01
   7.320  0.6246E-84  0.8000E+01
   7.330  0.6246E-84  0.8000E+01
   7.340  0.6246E-84  0.8000E+01
   7.350  0.6246E-84  0.8000E+01
   7.360  0.6246E-84  0.8000E+01
   7.370  0.6246E-84  0.8000E+01
   7.380  0.6246E-84  0.8000E+01
   7.390  0.6246E-84  0.8000E+01
   7.400  0.6246E-84  0.8000E+01
   7.410  0.6246E-84  0.8000E+01
   7.420  0.6246E-84  0.8000E+01
   7.430  0.6246E-84  0.8000E+01
   7.440  0.6246E-84  0.8000E+01
   7.450  0.6246E-84  0.8000E+01
   7.460  0.6246E-84  0.8000E+01
   7.470  0.6246E-84  0.8000E+01
   7.480  0.6246E-84  0.8000E+01
   7.490  0.6246E-84  0.8000E+01
   7.500  0.6246E-84  0.8000E+01
   7.510  0.6246E-84  0.8000E+01
   7.520  0.6246E-84  0.8000E+01
   7.530  0.6246E-84  0.8000E+01
   7.540  0.6246E-84  0.8000E+01
   7.550  0.6246E-84  0.8000E+01
   7.560  0.6246E-84  0.8000E+01
   7.570  0.6246E-84  0.8000E+01
   7.580  0.6246E-84  0.8000E+01
   7.590  0.6246E-84  0.8000E+01
   7.600  0.6246E-84  0.8000E+01
   7.610  0.6246E-84  0.8000E+01
   7.620  0.6246E-84  0.8000E+01
   7.630  0.6246E-84  0.8000E+01
   7.640  0.6246E-84  0.8000E+01
   7.650  0.6246E-84  0.8000E+01
   7.660  0.6246E-84  0.8000E+01
   7.670  0.6246E-84  0.8000E+01
   7.680  0.6246E-84  0.8000E+01
   7.690  0.6246E-84  0.8000E+01
   7.700  0.6246E-84  0.8000E+01
   7.710  0.6246E-84  0.8000E+01
   7.720  0.6246E-84  0.8000E+01
   7.730  0.6246E-84  0.8000E+01
   7.740  0.6246E-84  0.8000E+01
   7.750  0.6246E-84  0.8000E+01
   7.760  0.6246E-84  0.8000E+01
   7.770  0.6246E-84  0.8000E+01
   7.780  0.6246E-84  0.8000E+01
   7.790  0.6246E-84  0.8000E+01
   7.800  0.6246E-84  0.8000E+01
   7.810  0.6246E-84  0.8000E+01
   7.820  0.6246E-84  0.8000E+01
   7.830  0.6246E-84  0.8000E+01
   7.840  0.6246E-84  0.8000E+01
   7.850  0.6246E-84  0.8000E+01
   7.860  0.6246E-84  0.8000E+01
   7.870  0.6246E-84  0.8000E+01
   7.880  0.6246E-84  0.8000E+01
   7.890  0.6246E-84  0.8000E+01
   7.900  0.6246E-84  0.8000E+01
   7.910  0.6246E-84  0.8000E+01
   7.920  0.6246E-84  0.8000E+01
   7.930  0.6246E-84  0.8000E+01
   7.940  0.6246E-84  0.8000E+01
   7.950  0.6246E-84  0.8000E+01
   7.960  0.6246E-84  0.8000E+01
   7.970  0.6246E-84  0.8000E+01
   7.980  0.6246E-84  0.8000E+01
   7.990  0.6246E-84  0.8000E+01
   8.000  0.6246E-84  0.8000E+01
   8.010  0.6246E-84  0.8000E+01
   8.020  0.6246E-84  0.8000E+01
   8.030  0.6246E-84  0.8000E+01
   8.040  0.6246E-84  0.8000E+01
   8.050  0.6246E-84  0.8000E+01
   8.060  0.6246E-84  0.8000E+01
   8.070  0.6246E-84  0.8000E+01
   8.080  0.6246E-84  0.8000E+01
   8.090  0.6246E-84  0.8000E+01
   8.100  0.6246E-84  0.8000E+01
   8.110  0.6246E-84  0.8000E+01
   8.120  0.6246E-84  0.8000E+01
   8.130  0.6246E-84  0.8000E+01
   8.140  0.6246E-84  0.8000E+01
   8.150  0.6246E-84  0.8000E+01
   8.160  0.6246E-84  0.8000E+01
   8.170  0.6246E-84  0.8000E+01
   8.180  0.6246E-84  0.8000E+01
   8.190  0.6246E-84  0.8000E+01
   8.200  0.6246E-84  0.8000E+01
   8.210  0.6246E-84  0.8000E+01
   8.220  0.6246E-84  0.8000E+01
   8.230  0.6246E-84  0.8000E+01
   8.240  0.6246E-84  0.8000E+01
   8.250  0.6246E-84  0.8000E+01
   8.260  0.6246E-84  0.8000E+01
   8.270  0.6246E-84  0.8000E+01
   8.280  0.6246E-84  0.8000E+01
   8.290  0.6246E-84  0.8000E+01
   8.300  0.6246E-84  0.8000E+01
   8.310  0.6246E-84  0.8000E+01
   8.320  0.6246E-84  0.8000E+01
   8.330  0.6246E-84  0.8000E+01
   8.340  0.6246E-84  0.8000E+01
   8.350  0.6246E-84  0.8000E+01
   8.360  0.6246E-84  0.8000E+01
   8.370  0.6246E-84  0.8000E+01
   8.380  0.6246E-84  0.8000E+01
   8.390  0.6246E-84  0.8000E+01
   8.400  0.6246E-84  0.8000E+01
   8.410  0.6246E-84  0.8000E+01
   8.420  0.6246E-84  0.8000E+01
   8.430  0.6246E-84  0.8000E+01
   8.440  0.6246E-84  0.8000E+01
   8.450  0.6246E-84  0.8000E+01
   8.460  0.6246E-84  0.8000E+01
   8.470  0.6246E-84  0.8000E+01
   8.480  0.6246E-84  0.8000E+01
   8.490  0.6246E-84  0.8000E+01
   8.500  0.6246E-84  0.8000E+01
   8.510  0.6246E-84  0.8000E+01
   8.520  0.6246E-84  0.8000E+01
   8.530  0.6246E-84  0.8000E+01
   8.540  0.6246E-84  0.8000E+01
   8.550  0.6246E-84  0.8000E+01
   8.560  0.6246E-84  0.8000E+01
   8.570  0.6246E-84  0.8000E+01
   8.580  0.6246E-84  0.8000E+01
   8.590  0.6246E-84  0.8000E+01
   8.600  0.6246E-84  0.8000E+01
   8.610  0.6246E-84  0.8000E+01
   8.620  0.6246E-84  0.8000E+01
   8.630  0.6246E-84  0.8000E+01
   8.640  0.6246E-84  0.8000E+01
   8.650  0.6246E-84  0.8000E+01
   8.660  0.6246E-84  0.8000E+01
   8.670  0.6246E-84  0.8000E+01
   8.680  0.6246E-84  0.8000E+01
   8.690  0.6246E-84  0.8000E+01
   8.700  0.6246E-84  0.8000E+01
   8.710  0.6246E-84  0.8000E+01
   8.720  0.6246E-84  0.8000E+01
   8.730  0.6246E-84  0.8000E+01
   8.740  0.6246E-84  0.8000E+01
   8.750  0.6246E-84  0.8000E+01
   8.760  0.6246E-84  0.8000E+01
   8.770  0.6246E-84  0.8000E+01
   8.780  0.6246E-84  0.8000E+01
   8.790  0.6246E-84  0.8000E+01
   8.800  0.6246E-84  0.8000E+01
   8.810  0.6246E-84  0.8000E+01
   8.820  0.6246E-84  0.8000E+01
   8.830  0.6246E-84  0.8000E+01
   8.840  0.6246E-84  0.8000E+01
   8.850  0.6246E-84  0.8000E+01
   8.860  0.6246E-84  0.8000E+01
   8.870  0.6246E-84  0.8000E+01
   8.880  0.6246E-84  0.8000E+01
   8.890  0.6246E-84  0.8000E+01
   8.900  0.6246E-84  0.8000E+01
   8.910  0.6246E-84  0.8000E+01
   8.920  0.6246E-84  0.8000E+01
   8.930  0.6246E-84  0.8000E+01
   8.940  0.6246E-84  0.8000E+01
   8.950  0.6246E-84  0.8000E+01
   8.960  0.6246E-84  0.8000E+01
   8.970  0.6246E-84  0.8000E+01
   8.980  0.6246E-84  0.8000E+01
   8.990  0.6246E-84  0.8000E+01
   9.000  0.6246E-84  0.8000E+01
   9.010  0.6246E-84  0.8000E+01
   9.020  0.6246E-84  0.8000E+01
   9.030  0.6246E-84  0.8000E+01
   9.040  0.6246E-84  0.8000E+01
   9.050  0.6246E-84  0.8000E+01
   9.060  0.6246E-84  0.8000E+01
   9.070  0.6246E-84  0.8000E+01
   9.080  0.6246E-84  0.8000E+01
   9.090  0.6246E-84  0.8000E+01
   9.100  0.6246E-84  0.8000E+01
   9.110  0.6246E-84  0.8000E+01
   9.120  0.6246E-84  0.8000E+01
   9.130  0.6246E-84  0.8000E+01
   9.140  0.6246E-84  0.8000E+01
   9.150  0.6246E-84  0.8000E+01
   9.160  0.6246E-84  0.8000E+01
   9.170  0.6246E-84  0.8000E+01
   9.180  0.6246E-84  0.8000E+01
   9.190  0.6246E-84  0.8000E+01
   9.200  0.6246E-84  0.8000E+01
   9.210  0.6246E-84  0.8000E+01
   9.220  0.6246E-84  0.8000E+01
   9.230  0.6246E-84  0.8000E+01
   9.240  0.6246E-84  0.8000E+01
   9.250  0.6246E-84  0.8000E+01
   9.260  0.6246E-84  0.8000E+01
   9.270  0.6246E-84  0.8000E+01
   9.280  0.6246E-84  0.8000E+01
   9.290  0.6246E-84  0.8000E+01
   9.300  0.6246E-84  0.8000E+01
   9.310  0.6246E-84  0.8000E+01
   9.320  0.6246E-84  0.8000E+01
   9.330  0.6246E-84  0.8000E+01
   9.340  0.6246E-84  0.8000E+01
   9.350  0.6246E-84  0.8000E+01
   9.360  0.6246E-84  0.8000E+01
   9.370  0.6246E-84  0.8000E+01
   9.380  0.6246E-84  0.8000E+01
   9.390  0.6246E-84  0.8000E+01
   9.400  0.6246E-84  0.8000E+01
   9.410  0.6246E-84  0.8000E+01
   9.420  0.6246E-84  0.8000E+01
   9.430  0.6246E-84  0.8000E+01
   9.440  0.6246E-84  0.8000E+01
   9.450  0.6246E-84  0.8000E+01
   9.460  0.6246E-84  0.8000E+01
   9.470  0.6246E-84  0.8000E+01
   9.480  0.6246E-84  0.8000E+01
   9.490  0.6246E-84  0.8000E+01
   9.500  0.6246E-84  0.8000E+01
   9.510  0.6246E-84  0.8000E+01
   9.520  0.6246E-84  0.8000E+01
   9.530  0.6246E-84  0.8000E+01
   9.540  0.6246E-84  0.8000E+01
   9.550  0.6246E-84  0.8000E+01
   9.560  0.6246E-84  0.8000E+01
   9.570  0.6246E-84  0.8000E+01
   9.580  0.6246E-84  0.8000E+01
   9.590  0.6246E-84  0.8000E+01
   9.600  0.6246E-84  0.8000E+01
   9.610  0.6246E-84  0.8000E+01
   9.620  0.6246E-84  0.8000E+01
   9.630  0.6246E-84  0.8000E+01
   9.640  0.6246E-84  0.8000E+01
   9.650  0.6246E-84  0.8000E+01
   9.660  0.6246E-84  0.8000E+01
   9.670  0.6246E-84  0.8000E+01
   9.680  0.6246E-84  0.8000E+01
   9.690  0.6246E-84  0.8000E+01
   9.700  0.6246E-84  0.8000E+01
   9.710  0.6246E-84  0.8000E+01
   9.720  0.6246E-84  0.8000E+01
   9.730  0.6246E-84  0.8000E+01
   9.740  0.6246E-84  0.8000E+01
   9.750  0.6246E-84  0.8000E+01
   9.760  0.6246E-84  0.8000E+01
   9.770  0.6246E-84  0.8000E+01
   9.780  0.6246E-84  0.8000E+01
   9.790  0.6246E-84  0.8000E+01
   9.800  0.6246E-84  0.8000E+01
   9.810  0.6246E-84  0.8000E+01
   9.820  0.6246E-84  0.8000E+01
   9.830  0.6246E-84  0.8000E+01
   9.840  0.6246E-84  0.8000E+01
   9.850  0.6246E-84  0.8000E+01
   9.860  0.6246E-84  0.8000E+01
   9.870  0.6246E-84  0.8000E+01
   9.880  0.6246E-84  0.8000E+01
   9.890  0.6246E-84  0.8000E+01
   9.900  0.6246E-84  0.8000E+01
   9.910  0.6246E-84  0.8000E+01
   9.920  0.6246E-84  0.8000E+01
   9.930  0.6246E-84  0.8000E+01
   9.940  0.6246E-84  0.8000E+01
   9.950  0.6246E-84  0.8000E+01
   9.960  0.6246E-84  0.8000E+01
   9.970  0.6246E-84  0.8000E+01
   9.980  0.6246E-84  0.8000E+01
   9.990  0.6246E-84  0.8000E+01
  10.000  0.6246E-84  0.8000E+01
  10.010  0.6246E-84  0.8000E+01
  10.020  0.6246E-84  0.8000E+01
  10.030  0.6246E-84  0.8000E+01
  10.040  0.6246E-84  0.8000E+01
  10.050  0.6246E-84  0.8000E+01
  10.060  0.6246E-84  0.8000E+01
  10.070  0.6246E-84  0.8000E+01
  10.080  0.6246E-84  0.8000E+01
  10.090  0.6246E-84  0.8000E+01
  10.100  0.6246E-84  0.8000E+01
  10.110  0.6246E-84  0.8000E+01
  10.120  0.6246E-84  0.8000E+01
  10.130  0.6246E-84  0.8000E+01
  10.140  0.6246E-84  0.8000E+01
  10.150  0.6246E-84  0.8000E+01
  10.160  0.6246E-84  0.8000E+01
  10.170  0.6246E-84  0.8000E+01
  10.180  0.6246E-84  0.8000E+01
  10.190  0.6246E-84  0.8000E+01
  10.200  0.6246E-84  0.8000E+01
  10.210  0.6246E-84  0.8000E+01
  10.220  0.6246E-84  0.8000E+01
  10.230  0.6246E-84  0.8000E+01
  10.240  0.6246E-84  0.8000E+01
  10.250  0.6246E-84  0.8000E+01
  10.260  0.6246E-84  0.8000E+01
  10.270  0.6246E-84  0.8000E+01
  10.280  0.6246E-84  0.8000E+01
  10.290  0.6246E-84  0.8000E+01
  10.300  0.6246E-84  0.8000E+01
  10.310  0.6246E-84  0.8000E+01
  10.320  0.6246E-84  0.8000E+01
  10.330  0.6246E-84  0.8000E+01
  10.340  0.6246E-84  0.8000E+01
  10.350  0.6246E-84  0.8000E+01
  10.360  0.6246E-84  0.8000E+01
  10.370  0.6246E-84  0.8000E+01
  10.380  0.6246E-84  0.8000E+01
  10.390  0.6246E-84  0.8000E+01
  10.400  0.6246E-84  0.8000E+01
  10.410  0.6246E-84  0.8000E+01
  10.420  0.6246E-84  0.8000E+01
  10.430  0.6246E-84  0.8000E+01
  10.440  0.6246E-84  0.8000E+01
  10.450  0.6246E-84  0.8000E+01
  10.460  0.6246E-84  0.8000E+01
  10.470  0.6246E-84  0.8000E+01
  10.480  0.6246E-84  0.8000E+01
  10.490  0.6246E-84  0.8000E+01
  10.500  0.6246E-84  0.8000E+01
  10.510  0.6246E-84  0.8000E+01
  10.520  0.6246E-84  0.8000E+01
  10.530  0.6246E-84  0.8000E+01
  10.540  0.6246E-84  0.8000E+01
  10.550  0.6246E-84  0.8000E+01
  10.560  0.6246E-84  0.8000E+01
  10.570  0.6246E-84  0.8000E+01
  10.580  0.6246E-84  0.8000E+01
  10.590  0.6246E-84  0.8000E+01
  10.600  0.6246E-84  0.8000E+01
  10.610  0.6246E-84  0.8000E+01
  10.620  0.6246E-84  0.8000E+01
  10.630  0.6246E-84  0.8000E+01
  10.640  0.6246E-84  0.8000E+01
  10.650  0.6246E-84  0.8000E+01
  10.660  0.6246E-84  0.8000E+01
  10.670  0.6246E-84  0.8000E+01
  10.680  0.6246E-84  0.8000E+01
  10.690  0.6246E-84  0.8000E+01
  10.700  0.6246E-84  0.8000E+01
  10.710  0.6246E-84  0.8000E+01
  10.720  0.6246E-84  0.8000E+01
  10.730  0.6246E-84  0.8000E+01
  10.740  0.6246E-84  0.8000E+01
  10.750  0.6246E-84  0.8000E+01
  10.760  0.6246E-84  0.8000E+01
  10.770  0.6246E-84  0.8000E+01
  10.780  0.6246E-84  0.8000E+01
  10.790  0.6246E-84  0.8000E+01
  10.800  0.6246E-84  0.8000E+01
  10.810  0.6246E-84  0.8000E+01
  10.820  0.6246E-84  0.8000E+01
  10.830  0.6246E-84  0.8000E+01
  10.840  0.6246E-84  0.8000E+01
  10.850  0.6246E-84  0.8000E+01
  10.860  0.6246E-84  0.8000E+01
  10.870  0.6246E-84  0.8000E+01
  10.880  0.6246E-84  0.8000E+01
  10.890  0.6246E-84  0.8000E+01
  10.900  0.6246E-84  0.8000E+01
  10.910  0.6246E-84  0.8000E+01
  10.920  0.6246E-84  0.8000E+01
  10.930  0.6246E-84  0.8000E+01
  10.940  0.6246E-84  0.8000E+01
  10.950  0.6246E-84  0.8000E+01
  10.960  0.6246E-84  0.8000E+01
  10.970  0.6246E-84  0.8000E+01
  10.980  0.6246E-84  0.8000E+01
  10.990  0.6246E-84  0.8000E+01
  11.000  0.6246E-84  0.8000E+01
  11.010  0.6246E-84  0.8000E+01
  11.020  0.6246E-84  0.8000E+01
  11.030  0.6246E-84  0.8000E+01
  11.040  0.6246E-84  0.8000E+01
  11.050  0.6246E-84  0.8000E+01
  11.060  0.6246E-84  0.8000E+01
  11.070  0.6246E-84  0.8000E+01
  11.080  0.6246E-84  0.8000E+01
  11.090  0.6246E-84  0.8000E+01
  11.100  0.6246E-84  0.8000E+01
  11.110  0.6246E-84  0.8000E+01
  11.120  0.6246E-84  0.8000E+01
  11.130  0.6246E-84  0.8000E+01
  11.140  0.6246E-84  0.8000E+01
  11.150  0.6246E-84  0.8000E+01
  11.160  0.6246E-84  0.8000E+01
  11.170  0.6246E-84  0.8000E+01
  11.180  0.6246E-84  0.8000E+01
  11.190  0.6246E-84  0.8000E+01
  11.200  0.6246E-84  0.8000E+01
  11.210  0.6246E-84  0.8000E+01
  11.220  0.6246E-84  0.8000E+01
  11.230  0.6246E-84  0.8000E+01
  11.240  0.6246E-84  0.8000E+01
  11.250  0.6246E-84  0.8000E+01
  11.260  0.6246E-84  0.8000E+01
  11.270  0.6246E-84  0.8000E+01
  11.280  0.6246E-84  0.8000E+01
  11.290  0.6246E-84  0.8000E+01
  11.300  0.6246E-84  0.8000E+01
  11.310  0.6246E-84  0.8000E+01
  11.320  0.6246E-84  0.8000E+01
  11.330  0.6246E-84  0.8000E+01
  11.340  0.6246E-84  0.8000E+01
  11.350  0.6246E-84  0.8000E+01
  11.360  0.6246E-84  0.8000E+01
  11.370  0.6246E-84  0.8000E+01
  11.380  0.6246E-84  0.8000E+01
  11.390  0.6246E-84  0.8000E+01
  11.400  0.6246E-84  0.8000E+01
  11.410  0.6246E-84  0.8000E+01
  11.420  0.6246E-84  0.8000E+01
  11.430  0.6246E-84  0.8000E+01
  11.440  0.6246E-84  0.8000E+01
  11.450  0.6246E-84  0.8000E+01
  11.460  0.6246E-84  0.8000E+01
  11.470  0.6246E-84  0.8000E+01
  11.480  0.6246E-84  0.8000E+01
  11.490  0.6246E-84  0.8000E+01
  11.500  0.6246E-84  0.8000E+01
  11.510  0.6246E-84  0.8000E+01
  11.520  0.6246E-84  0.8000E+01
  11.530  0.6246E-84  0.8000E+01
  11.540  0.6246E-84  0.8000E+01
  11.550  0.6246E-84  0.8000E+01
  11.560  0.6246E-84  0.8000E+01
  11.570  0.6246E-84  0.8000E+01
  11.580  0.6246E-84  0.8000E+01
  11.590  0.6246E-84  0.8000E+01
  11.600  0.6246E-84  0.8000E+01
  11.610  0.6246E-84  0.8000E+01
  11.620  0.6246E-84  0.8000E+01
  11.630  0.6246E-84  0.8000E+01
  11.640  0.6246E-84  0.8000E+01
  11.650  0.6246E-84  0.8000E+01
  11.660  0.6246E-84  0.8000E+01
  11.670  0.6246E-84  0.8000E+01
  11.680  0.6246E-84  0.8000E+01
  11.690  0.6246E-84  0.8000E+01
  11.700  0.6246E-84  0.8000E+01
  11.710  0.6246E-84  0.8000E+01
  11.720  0.6246E-84  0.8000E+01
  11.730  0.6246E-84  0.8000E+01
  11.740  0.6246E-84  0.8000E+01
  11.750  0.6246E-84  0.8000E+01
  11.760  0.6246E-84  0.8000E+01
  11.770  0.6246E-84  0.8000E+01
  11.780  0.6246E-84  0.8000E+01
  11.790  0.6246E-84  0.8000E+01
  11.800  0.6246E-84  0.8000E+01
  11.810  0.6246E-84  0.8000E+01
  11.820  0.6246E-84  0.8000E+01
  11.830  0.6246E-84  0.8000E+01
  11.840  0.6246E-84  0.8000E+01
  11.850  0.6246E-84  0.8000E+01
  11.860  0.6246E-84  0.8000E+01
  11.870  0.6246E-84  0.8000E+01
  11.880  0.6246E-84  0.8000E+01
  11.890  0.6246E-84  0.8000E+01
  11.900  0.6246E-84  0.8000E+01
  11.910  0.6246E-84  0.8000E+01
  11.920  0.6246E-84  0.8000E+01
  11.930  0.6246E-84  0.8000E+01
  11.940  0.6246E-84  0.8000E+01
  11.950  0.6246E-84  0.8000E+01
  11.960  0.6246E-84  0.8000E+01
  11.970  0.6246E-84  0.8000E+01
  11.980  0.6246E-84  0.8000E+01
  11.990  0.6246E-84  0.8000E+01
  12.000  0.6246E-84  0.8000E+01
  12.010  0.6246E-84  0.8000E+01
  12.020  0.6246E-84  0.8000E+01
  12.030  0.6246E-84  0.8000E+01
  12.040  0.6246E-84  0.8000E+01
  12.050  0.6246E-84  0.8000E+01
  12.060  0.6246E-84  0.8000E+01
  12.070  0.6246E-84  0.8000E+01
  12.080  0.6246E-84  0.8000E+01
  12.090  0.6246E-84  0.8000E+01
  12.100  0.6246E-84  0.8000E+01
  12.110  0.6246E-84  0.8000E+01
  12.120  0.6246E-84  0.8000E+01
  12.130  0.6246E-84  0.8000E+01
  12.140  0.6246E-84  0.8000E+01
  12.150  0.6246E-84  0.8000E+01
  12.160  0.6246E-84  0.8000E+01
  12.170  0.6246E-84  0.8000E+01
  12.180  0.6246E-84  0.8000E+01
  12.190  0.6246E-84  0.8000E+01
  12.200  0.6246E-84  0.8000E+01
  12.210  0.6246E-84  0.8000E+01
  12.220  0.6246E-84  0.8000E+01
  12.230  0.6246E-84  0.8000E+01
  12.240  0.6246E-84  0.8000E+01
  12.250  0.6246E-84  0.8000E+01
  12.260  0.6246E-84  0.8000E+01
  12.270  0.6246E-84  0.8000E+01
  12.280  0.6246E-84  0.8000E+01
  12.290  0.6246E-84  0.8000E+01
  12.300  0.6246E-84  0.8000E+01
  12.310  0.6246E-84  0.8000E+01
  12.320  0.6246E-84  0.8000E+01
  12.330  0.6246E-84  0.8000E+01
  12.340  0.6246E-84  0.8000E+01
  12.350  0.6246E-84  0.8000E+01
  12.360  0.6246E-84  0.8000E+01
  12.370  0.6246E-84  0.8000E+01
  12.380  0.6246E-84  0.8000E+01
  12.390  0.6246E-84  0.8000E+01
  12.400  0.6246E-84  0.8000E+01
  12.410  0.6246E-84  0.8000E+01
  12.420  0.6246E-84  0.8000E+01
  12.430  0.6246E-84  0.8000E+01
  12.440  0.6246E-84  0.8000E+01
  12.450  0.6246E-84  0.8000E+01
  12.460  0.6246E-84  0.8000E+01
  12.470  0.6246E-84  0.8000E+01
  12.480  0.6246E-84  0.8000E+01
  12.490  0.6246E-84  0.8000E+01
  12.500  0.6246E-84  0.8000E+01
  12.510  0.6246E-84  0.8000E+01
  12.520  0.6246E-84  0.8000E+01
  12.530  0.6246E-84  0.8000E+01
  12.540  0.6246E-84  0.8000E+01
  12.550  0.6246E-84  0.8000E+01
  12.560  0.6246E-84  0.8000E+01
  12.570  0.6246E-84  0.8000E+01
  12.580  0.6246E-84  0.8000E+01
  12.590  0.6246E-84  0.8000E+01
  12.600  0.6246E-84  0.8000E+01
  12.610  0.6246E-84  0.8000E+01
  12.620  0.6246E-84  0.8000E+01
  12.630  0.6246E-84  0.8000E+01
  12.640  0.6246E-84  0.8000E+01
  12.650  0.6246E-84  0.8000E+01
  12.660  0.6246E-84  0.8000E+01
  12.670  0.6246E-84  0.8000E+01
  12.680  0.6246E-84  0.8000E+01
  12.690  0.6246E-84  0.8000E+01
  12.700  0.6246E-84  0.8000E+01
  12.710  0.6246E-84  0.8000E+01
  12.720  0.6246E-84  0.8000E+01
  12.730  0.6246E-84  0.8000E+01
  12.740  0.6246E-84  0.8000E+01
  12.750  0.6246E-84  0.8000E+01
  12.760  0.6246E-84  0.8000E+01
  12.770  0.6246E-84  0.8000E+01
  12.780  0.6246E-84  0.8000E+01
  12.790  0.6246E-84  0.8000E+01
  12.800  0.6246E-84  0.8000E+01
  12.810  0.6246E-84  0.8000E+01
  12.820  0.6246E-84  0.8000E+01
  12.830  0.6246E-84  0.8000E+01
  12.840  0.6246E-84  0.8000E+01
  12.850  0.6246E-84  0.8000E+01
  12.860  0.6246E-84  0.8000E+01
  12.870  0.6246E-84  0.8000E+01
  12.880  0.6246E-84  0.8000E+01
  12.890  0.6246E-84  0.8000E+01
  12.900  0.6246E-84  0.8000E+01
  12.910  0.6246E-84  0.8000E+01
  12.920  0.6246E-84  0.8000E+01
  12.930  0.6246E-84  0.8000E+01
  12.940  0.6246E-84  0.8000E+01
  12.950  0.6246E-84  0.8000E+01
  12.960  0.6246E-84  0.8000E+01
  12.970  0.6246E-84  0.8000E+01
  12.980  0.6246E-84  0.8000E+01
  12.990  0.6246E-84  0.8000E+01
  13.000  0.6246E-84  0.8000E+01
  13.010  0.6246E-84  0.8000E+01
  13.020  0.6246E-84  0.8000E+01
  13.030  0.6246E-84  0.8000E+01
  13.040  0.6246E-84  0.8000E+01
  13.050  0.6246E-84  0.8000E+01
  13.060  0.6246E-84  0.8000E+01
  13.070  0.6246E-84  0.8000E+01
  13.080  0.6246E-84  0.8000E+01
  13.090  0.6246E-84  0.8000E+01
  13.100  0.6246E-84  0.8000E+01
  13.110  0.6246E-84  0.8000E+01
  13.120  0.6246E-84  0.8000E+01
  13.130  0.6246E-84  0.8000E+01
  13.140  0.6246E-84  0.8000E+01
  13.150  0.6246E-84  0.8000E+01
  13.160  0.6246E-84  0.8000E+01
  13.170  0.6246E-84  0.8000E+01
  13.180  0.6246E-84  0.8000E+01
  13.190  0.6246E-84  0.8000E+01
  13.200  0.6246E-84  0.8000E+01
  13.210  0.6246E-84  0.8000E+01
  13.220  0.6246E-84  0.8000E+01
  13.230  0.6246E-84  0.8000E+01
  13.240  0.6246E-84  0.8000E+01
  13.250  0.6246E-84  0.8000E+01
  13.260  0.6246E-84  0.8000E+01
  13.270  0.6246E-84  0.8000E+01
  13.280  0.6246E-84  0.8000E+01
  13.290  0.6246E-84  0.8000E+01
  13.300  0.6246E-84  0.8000E+01
  13.310  0.6246E-84  0.8000E+01
  13.320  0.6246E-84  0.8000E+01
  13.330  0.6246E-84  0.8000E+01
  13.340  0.6246E-84  0.8000E+01
  13.350  0.6246E-84  0.8000E+01
  13.360  0.6246E-84  0.8000E+01
  13.370  0.6246E-84  0.8000E+01
  13.380  0.6246E-84  0.8000E+01
  13.390  0.6246E-84  0.8000E+01
  13.400  0.6246E-84  0.8000E+01
  13.410  0.6246E-84  0.8000E+01
  13.420  0.6246E-84  0.8000E+01
  13.430  0.6246E-84  0.8000E+01
  13.440  0.6246E-84  0.8000E+01
  13.450  0.6246E-84  0.8000E+01
  13.460  0.6246E-84  0.8000E+01
  13.470  0.6246E-84  0.8000E+01
  13.480  0.6246E-84  0.8000E+01
  13.490  0.6246E-84  0.8000E+01
  13.500  0.6246E-84  0.8000E+01
  13.510  0.6246E-84  0.8000E+01
  13.520  0.6246E-84  0.8000E+01
  13.530  0.6246E-84  0.8000E+01
  13.540  0.6246E-84  0.8000E+01
  13.550  0.6246E-84  0.8000E+01
  13.560  0.6246E-84  0.8000E+01
  13.570  0.6246E-84  0.8000E+01
  13.580  0.6246E-84  0.8000E+01
  13.590  0.6246E-84  0.8000E+01
  13.600  0.6246E-84  0.8000E+01
  13.610  0.6246E-84  0.8000E+01
  13.620  0.6246E-84  0.8000E+01
  13.630  0.6246E-84  0.8000E+01
  13.640  0.6246E-84  0.8000E+01
  13.650  0.6246E-84  0.8000E+01
  13.660  0.6246E-84  0.8000E+01
  13.670  0.6246E-84  0.8000E+01
  13.680  0.6246E-84  0.8000E+01
  13.690  0.6246E-84  0.8000E+01
  13.700  0.6246E-84  0.8000E+01
  13.710  0.6246E-84  0.8000E+01
  13.720  0.6246E-84  0.8000E+01
  13.730  0.6246E-84  0.8000E+01
  13.740  0.6246E-84  0.8000E+01
  13.750  0.6246E-84  0.8000E+01
  13.760  0.6246E-84  0.8000E+01
  13.770  0.6246E-84  0.8000E+01
  13.780  0.6246E-84  0.8000E+01
  13.790  0.6246E-84  0.8000E+01
  13.800  0.6246E-84  0.8000E+01
  13.810  0.6246E-84  0.8000E+01
  13.820  0.6246E-84  0.8000E+01
  13.830  0.6246E-84  0.8000E+01
  13.840  0.6246E-84  0.8000E+01
  13.850  0.6246E-84  0.8000E+01
  13.860  0.6246E-84  0.8000E+01
  13.870  0.6246E-84  0.8000E+01
  13.880  0.6246E-84  0.8000E+01
  13.890  0.6246E-84  0.8000E+01
  13.900  0.6246E-84  0.8000E+01
  13.910  0.6246E-84  0.8000E+01
  13.920  0.6246E-84  0.8000E+01
  13.930  0.6246E-84  0.8000E+01
  13.940  0.6246E-84  0.8000E+01
  13.950  0.6246E-84  0.8000E+01
  13.960  0.6246E-84  0.8000E+01
  13.970  0.6246E-84  0.8000E+01
  13.980  0.6246E-84  0.8000E+01
  13.990  0.6246E-84  0.8000E+01
  14.000  0.6246E-84  0.8000E+01
  14.010  0.6246E-84  0.8000E+01
  14.020  0.6246E-84  0.8000E+01
  14.030  0.6246E-84  0.8000E+01
  14.040  0.6246E-84  0.8000E+01
  14.050  0.6246E-84  0.8000E+01
  14.060  0.6246E-84  0.8000E+01
  14.070  0.6246E-84  0.8000E+01
  14.080  0.6246E-84  0.8000E+01
  14.090  0.6246E-84  0.8000E+01
  14.100  0.6246E-84  0.8000E+01
  14.110  0.6246E-84  0.8000E+01
  14.120  0.6246E-84  0.8000E+01
  14.130  0.6246E-84  0.8000E+01
  14.140  0.6246E-84  0.8000E+01
  14.150  0.6246E-84  0.8000E+01
  14.160  0.6246E-84  0.8000E+01
  14.170  0.6246E-84  0.8000E+01
  14.180  0.6246E-84  0.8000E+01
  14.190  0.6246E-84  0.8000E+01
  14.200  0.6246E-84  0.8000E+01
  14.210  0.6246E-84  0.8000E+01
  14.220  0.6246E-84  0.8000E+01
  14.230  0.6246E-84  0.8000E+01
  14.240  0.6246E-84  0.8000E+01
  14.250  0.6246E-84  0.8000E+01
  14.260  0.6246E-84  0.8000E+01
  14.270  0.6246E-84  0.8000E+01
  14.280  0.6246E-84  0.8000E+01
  14.290  0.6246E-84  0.8000E+01
  14.300  0.6246E-84  0.8000E+01
  14.310  0.6246E-84  0.8000E+01
  14.320  0.6246E-84  0.8000E+01
  14.330  0.6246E-84  0.8000E+01
  14.340  0.6246E-84  0.8000E+01
  14.350  0.6246E-84  0.8000E+01
  14.360  0.6246E-84  0.8000E+01
  14.370  0.6246E-84  0.8000E+01
  14.380  0.6246E-84  0.8000E+01
  14.390  0.6246E-84  0.8000E+01
  14.400  0.6246E-84  0.8000E+01
  14.410  0.6246E-84  0.8000E+01
  14.420  0.6246E-84  0.8000E+01
  14.430  0.6246E-84  0.8000E+01
  14.440  0.6246E-84  0.8000E+01
  14.450  0.6246E-84  0.8000E+01
  14.460  0.6246E-84  0.8000E+01
  14.470  0.6246E-84  0.8000E+01
  14.480  0.6246E-84  0.8000E+01
  14.490  0.6246E-84  0.8000E+01
  14.500  0.6246E-84  0.8000E+01
  14.510  0.6246E-84  0.8000E+01
  14.520  0.6246E-84  0.8000E+01
  14.530  0.6246E-84  0.8000E+01
  14.540  0.6246E-84  0.8000E+01
  14.550  0.6246E-84  0.8000E+01
  14.560  0.6246E-84  0.8000E+01
  14.570  0.6246E-84  0.8000E+01
  14.580  0.6246E-84  0.8000E+01
  14.590  0.6246E-84  0.8000E+01
  14.600  0.6246E-84  0.8000E+01
  14.610  0.6246E-84  0.8000E+01
  14.620  0.6246E-84  0.8000E+01
  14.630  0.6246E-84  0.8000E+01
  14.640  0.6246E-84  0.8000E+01
  14.650  0.6246E-84  0.8000E+01
  14.660  0.6246E-84  0.8000E+01
  14.670  0.6246E-84  0.8000E+01
  14.680  0.6246E-84  0.8000E+01
  14.690  0.6246E-84  0.8000E+01
  14.700  0.6246E-84  0.8000E+01
  14.710  0.6246E-84  0.8000E+01
  14.720  0.6246E-84  0.8000E+01
  14.730  0.6246E-84  0.8000E+01
  14.740  0.6246E-84  0.8000E+01
  14.750  0.6246E-84  0.8000E+01
  14.760  0.6246E-84  0.8000E+01
  14.770  0.6246E-84  0.8000E+01
  14.780  0.6246E-84  0.8000E+01
  14.790  0.6246E-84  0.8000E+01
  14.800  0.6246E-84  0.8000E+01
  14.810  0.6246E-84  0.8000E+01
  14.820  0.6246E-84  0.8000E+01
  14.830  0.6246E-84  0.8000E+01
  14.840  0.6246E-84  0.8000E+01
  14.850  0.6246E-84  0.8000E+01
  14.860  0.6246E-84  0.8000E+01
  14.870  0.6246E-84  0.8000E+01
  14.880  0.6246E-84  0.8000E+01
  14.890  0.6246E-84  0.8000E+01
  14.900  0.6246E-84  0.8000E+01
  14.910  0.6246E-84  0.8000E+01
  14.920  0.6246E-84  0.8000E+01
  14.930  0.6246E-84  0.8000E+01
  14.940  0.6246E-84  0.8000E+01
  14.950  0.6246E-84  0.8000E+01
  14.960  0.6246E-84  0.8000E+01
  14.970  0.6246E-84  0.8000E+01
  14.980  0.6246E-84  0.8000E+01
  14.990  0.6246E-84  0.8000E+01
  15.000  0.6246E-84  0.8000E+01
  15.010  0.6246E-84  0.8000E+01
  15.020  0.6246E-84  0.8000E+01
  15.030  0.6246E-84  0.8000E+01
  15.040  0.6246E-84  0.8000E+01
  15.050  0.6246E-84  0.8000E+01
  15.060  0.6246E-84  0.8000E+01
  15.070  0.6246E-84  0.8000E+01
  15.080  0.6246E-84  0.8000E+01
  15.090  0.6246E-84  0.8000E+01
  15.100  0.6246E-84  0.8000E+01
  15.110  0.6246E-84  0.8000E+01
  15.120  0.6246E-84  0.8000E+01
  15.130  0.6246E-84  0.8000E+01
  15.140  0.6246E-84  0.8000E+01
  15.150  0.6246E-84  0.8000E+01
  15.160  0.6246E-84  0.8000E+01
  15.170  0.6246E-84  0.8000E+01
  15.180  0.6246E-84  0.8000E+01
  15.190  0.6246E-84  0.8000E+01
  15.200  0.6246E-84  0.8000E+01
  15.210  0.6246E-84  0.8000E+01
  15.220  0.6246E-84  0.8000E+01
  15.230  0.6246E-84  0.8000E+01
  15.240  0.6246E-84  0.8000E+01
  15.250  0.6246E-84  0.8000E+01
  15.260  0.6246E-84  0.8000E+01
  15.270  0.6246E-84  0.8000E+01
  15.280  0.6246E-84  0.8000E+01
  15.290  0.6246E-84  0.8000E+01
  15.300  0.6246E-84  0.8000E+01
  15.310  0.6246E-84  0.8000E+01
  15.320  0.6246E-84  0.8000E+01
  15.330  0.6246E-84  0.8000E+01
  15.340  0.6246E-84  0.8000E+01
  15.350  0.6246E-84  0.8000E+01
  15.360  0.6246E-84  0.8000E+01
  15.370  0.6246E-84  0.8000E+01
  15.380  0.6246E-84  0.8000E+01
  15.390  0.6246E-84  0.8000E+01
  15.400  0.6246E-84  0.8000E+01
  15.410  0.6246E-84  0.8000E+01
  15.420  0.6246E-84  0.8000E+01
  15.430  0.6246E-84  0.8000E+01
  15.440  0.6246E-84  0.8000E+01
  15.450  0.6246E-84  0.8000E+01
  15.460  0.6246E-84  0.8000E+01
  15.470  0.6246E-84  0.8000E+01
  15.480  0.6246E-84  0.8000E+01
  15.490  0.6246E-84  0.8000E+01
  15.500  0.6246E-84  0.8000E+01
  15.510  0.6246E-84  0.8000E+01
  15.520  0.6246E-84  0.8000E+01
  15.530  0.6246E-84  0.8000E+01
  15.540  0.6246E-84  0.8000E+01
  15.550  0.6246E-84  0.8000E+01
  15.560  0.6246E-84  0.8000E+01
  15.570  0.6246E-84  0.8000E+01
  15.580  0.6246E-84  0.8000E+01
  15.590  0.6246E-84  0.8000E+01
  15.600  0.6246E-84  0.8000E+01
  15.610  0.6246E-84  0.8000E+01
  15.620  0.6246E-84  0.8000E+01
  15.630  0.6246E-84  0.8000E+01
  15.640  0.6246E-84  0.8000E+01
  15.650  0.6246E-84  0.8000E+01
  15.660  0.6246E-84  0.8000E+01
  15.670  0.6246E-84  0.8000E+01
  15.680  0.6246E-84  0.8000E+01
  15.690  0.6246E-84  0.8000E+01
  15.700  0.6246E-84  0.8000E+01
  15.710  0.6246E-84  0.8000E+01
  15.720  0.6246E-84  0.8000E+01
  15.730  0.6246E-84  0.8000E+01
  15.740  0.6246E-84  0.8000E+01
  15.750  0.6246E-84  0.8000E+01
  15.760  0.6246E-84  0.8000E+01
  15.770  0.6246E-84  0.8000E+01
  15.780  0.6246E-84  0.8000E+01
  15.790  0.6246E-84  0.8000E+01
  15.800  0.6246E-84  0.8000E+01
  15.810  0.6246E-84  0.8000E+01
  15.820  0.6246E-84  0.8000E+01
  15.830  0.6246E-84  0.8000E+01
  15.840  0.6246E-84  0.8000E+01
  15.850  0.6246E-84  0.8000E+01
  15.860  0.6246E-84  0.8000E+01
  15.870  0.6246E-84  0.8000E+01
  15.880  0.6246E-84  0.8000E+01
  15.890  0.6246E-84  0.8000E+01
  15.900  0.6246E-84  0.8000E+01
  15.910  0.6246E-84  0.8000E+01
  15.920  0.6246E-84  0.8000E+01
  15.930  0.6246E-84  0.8000E+01
  15.940  0.6246E-84  0.8000E+01
  15.950  0.6246E-84  0.8000E+01
  15.960  0.6246E-84  0.8000E+01
  15.970  0.6246E-84  0.8000E+01
  15.980  0.6246E-84  0.8000E+01
  15.990  0.6246E-84  0.8000E+01
  16.000  0.6246E-84  0.8000E+01
