   1.57136462298869      -5.447894287764396E-002  9.124237911701485E-003
  9.124237911701496E-003 -9.124237911701485E-003 -8.121337371502117E-004
 -8.121337371502119E-004  8.121337371502118E-004 -3.469446951953614E-018
 -1.186887276041546E-002  1.186887276041545E-002  6.938893903907228E-017
  1.186887276041556E-002  1.387778780781446E-017  9.398852009976045E-003
 -9.398852009976031E-003 -6.591949208711867E-017 -9.398852009976116E-003
  8.746878179082348E-004 -3.438434721764703E-004 -3.438434721764702E-004
  3.438434721764704E-004  2.932939603667752E-005  2.932939603667750E-005
 -2.932939603667752E-005  8.131516293641283E-019 -4.251507219526320E-004
  4.251507219526343E-004  5.421010862427522E-020  4.251507219526356E-004
 -5.692061405548898E-019  3.301678005511345E-004 -3.301678005511361E-004
 -1.084202172485504E-019 -3.301678005511371E-004   1.10674852590905     
  7.342466053824463E-003 -7.342466053825566E-003 -5.651532408075305E-002
 -4.995807164394041E-005  4.995807164396877E-005  5.252631280740481E-002
  2.748252326532017E-002 -2.748252326532073E-002 -7.350995129345866E-016
  -1.43557785434136      -4.197717058717722E-002 -2.203825280419175E-002
  2.203825280419218E-002  5.590023600160824E-016   1.10799386699287     
   1.10674852590905      -7.342466053827830E-003 -4.995807164394047E-005
 -5.651532408075303E-002  4.995807164402575E-005 -2.626315640370241E-002
  2.748252326532190E-002  -1.43557785434136       4.548912125834054E-002
 -2.748252326531862E-002  2.098858529358861E-002 -2.203825280419306E-002
   1.10799386699287      -3.635329610748846E-002  2.203825280419055E-002
   1.10674852590905       4.995807164396873E-005  4.995807164402554E-005
 -5.651532408075307E-002  2.626315640370230E-002  -1.43557785434136     
  2.748252326532076E-002  4.548912125834025E-002  2.748252326531948E-002
 -2.098858529358853E-002   1.10799386699287      -2.203825280419219E-002
 -3.635329610748824E-002 -2.203825280419124E-002  8.402728589575049E-004
 -4.471646120305475E-007  4.471646120296864E-007 -1.376286576281426E-003
 -7.018453191388874E-004  7.018453191388988E-004  1.785977189727229E-017
  4.052774834579072E-002  1.114861005556595E-003  5.749899586674893E-004
 -5.749899586674977E-004 -1.385119632710528E-017 -3.197412558166861E-002
  8.402728589575047E-004  4.471646120280507E-007  6.881432881407133E-004
 -7.018453191389298E-004  4.052774834579070E-002 -1.191899137947227E-003
  7.018453191388445E-004 -5.574305027782977E-004  5.749899586675222E-004
 -3.197412558166859E-002  9.654979525006763E-004 -5.749899586674552E-004
  8.402728589575054E-004 -6.881432881407118E-004  4.052774834579072E-002
 -7.018453191389008E-004 -1.191899137947222E-003 -7.018453191388746E-004
  5.574305027782966E-004 -3.197412558166862E-002  5.749899586674995E-004
  9.654979525006734E-004  5.749899586674800E-004  0.231335800898124     
 -5.272210141099349E-003  5.272210141099827E-003  4.087921997088398E-016
 -1.054442028219901E-002 -0.356323915473832       4.368554443621467E-003
 -4.368554443621835E-003 -3.195524062960583E-016  8.737108887243173E-003
  0.843031604152604      -2.927601619517651E-002 -9.131735832563782E-003
 -2.927601619517523E-002  4.891448713565493E-003  -1.31504342388471     
  2.364598711559792E-002  8.472237694512722E-003  2.364598711559697E-002
  0.843031604152603      -9.131735832564696E-003  2.927601619517552E-002
 -4.891448713565851E-003  2.364598711559791E-002  -1.31504342388471     
  8.472237694513416E-003 -2.364598711559715E-002  0.231335800898124     
  1.884077315334126E-015 -3.221164386415049E-016  7.566558251983039E-003
  7.566558251983727E-003 -0.356323915473832      -1.450834004633876E-015
  0.843031604152604       9.782897427131208E-003  2.364598711559696E-002
 -2.364598711559715E-002 -1.446608553433817E-015  -1.31504342388471     
  0.137343037529630      -4.015093819342340E-003  4.015093819342621E-003
  2.335780239923404E-016 -8.030187638684846E-003  0.514071934831281     
 -1.910707650964781E-002 -6.954346492256604E-003 -1.910707650964711E-002
  0.514071934831280      -6.954346492257138E-003  1.910707650964722E-002
  0.137343037529630       1.115227973500251E-015  0.514071934831281     
   1.57136462298869      -5.447894287764397E-002 -9.124237911701468E-003
 -9.124237911701480E-003  9.124237911701465E-003  8.121337371502110E-004
  8.121337371502116E-004 -8.121337371502109E-004  7.285838599102590E-017
 -1.186887276041543E-002  1.186887276041547E-002  9.714451465470120E-017
  1.186887276041541E-002 -5.551115123125783E-017  9.398852009976021E-003
 -9.398852009976042E-003 -7.459310946700271E-017 -9.398852009976016E-003
  8.746878179082347E-004  3.438434721764703E-004  3.438434721764702E-004
 -3.438434721764701E-004 -2.932939603667754E-005 -2.932939603667752E-005
  2.932939603667752E-005 -1.192622389734055E-018 -4.251507219526339E-004
  4.251507219526335E-004 -2.710505431213761E-018  4.251507219526359E-004
  1.084202172485504E-018  3.301678005511362E-004 -3.301678005511354E-004
  2.358139725155972E-018 -3.301678005511373E-004   1.10674852590905     
  7.342466053827280E-003 -7.342466053825185E-003 -5.651532408075309E-002
 -4.995807164401437E-005  4.995807164395963E-005 -5.252631280740564E-002
 -2.748252326532009E-002  2.748252326532081E-002 -7.423129862929196E-016
   1.43557785434136       4.197717058717786E-002  2.203825280419168E-002
 -2.203825280419223E-002  5.870422252382901E-016  -1.10799386699287     
   1.10674852590905      -7.342466053825516E-003 -4.995807164401433E-005
 -5.651532408075308E-002  4.995807164396608E-005  2.626315640370257E-002
 -2.748252326531951E-002   1.43557785434136      -4.548912125834026E-002
  2.748252326532048E-002 -2.098858529358875E-002  2.203825280419121E-002
  -1.10799386699287       3.635329610748823E-002 -2.203825280419196E-002
   1.10674852590904       4.995807164395966E-005  4.995807164396595E-005
 -5.651532408075292E-002 -2.626315640370216E-002   1.43557785434136     
 -2.748252326532093E-002 -4.548912125834020E-002 -2.748252326532125E-002
  2.098858529358842E-002  -1.10799386699286       2.203825280419231E-002
  3.635329610748821E-002  2.203825280419257E-002  8.402728589575056E-004
 -4.471646120282972E-007  4.471646120299403E-007  1.376286576281454E-003
  7.018453191388832E-004 -7.018453191389018E-004  2.533405350228647E-017
 -4.052774834579077E-002 -1.114861005556617E-003 -5.749899586674859E-004
  5.749899586675002E-004 -2.038806124314073E-017  3.197412558166864E-002
  8.402728589575053E-004  4.471646120298250E-007 -6.881432881407204E-004
  7.018453191388609E-004 -4.052774834579072E-002  1.191899137947217E-003
 -7.018453191388919E-004  5.574305027783034E-004 -5.749899586674680E-004
  3.197412558166862E-002 -9.654979525006686E-004  5.749899586674923E-004
  8.402728589575028E-004  6.881432881407079E-004 -4.052774834579068E-002
  7.018453191389049E-004  1.191899137947218E-003  7.018453191389154E-004
 -5.574305027782935E-004  3.197412558166857E-002 -5.749899586675028E-004
 -9.654979525006701E-004 -5.749899586675110E-004  0.231335800898124     
 -5.272210141099528E-003  5.272210141100167E-003  5.050296786594929E-016
 -1.054442028220067E-002 -0.356323915473832       4.368554443621594E-003
 -4.368554443622102E-003 -3.719029247355538E-016  8.737108887244461E-003
  0.843031604152604      -2.927601619517560E-002 -9.131735832564384E-003
 -2.927601619517715E-002  4.891448713565618E-003  -1.31504342388471     
  2.364598711559720E-002  8.472237694513173E-003  2.364598711559843E-002
  0.843031604152603      -9.131735832564207E-003  2.927601619517536E-002
 -4.891448713566121E-003  2.364598711559720E-002  -1.31504342388471     
  8.472237694513036E-003 -2.364598711559703E-002  0.231335800898124     
 -1.063588066842404E-015 -3.690624056789967E-016  7.566558251983492E-003
  7.566558251983350E-003 -0.356323915473832       8.439390311961087E-016
  0.843031604152605       9.782897427132497E-003  2.364598711559844E-002
 -2.364598711559702E-002  8.437468564058053E-016  -1.31504342388471     
  0.137343037529630      -4.015093819342443E-003  4.015093819342831E-003
  2.876204755542613E-016 -8.030187638685866E-003  0.514071934831281     
 -1.910707650964726E-002 -6.954346492256956E-003 -1.910707650964822E-002
  0.514071934831280      -6.954346492256835E-003  1.910707650964712E-002
  0.137343037529630      -6.689147931988931E-016  0.514071934831281     
