   1.57083145394452      -5.482606642975725E-002  0.000000000000000E+000
 -1.241210797029303E-019  0.000000000000000E+000  8.470329472543003E-022
  2.581440320929558E-021  0.000000000000000E+000 -5.359506827171097E-003
 -5.204170427930421E-018 -9.540979117872439E-018  8.673617379884035E-018
 -3.476608220612699E-018  4.446548485353161E-003  4.336808689942018E-018
  9.540979117872439E-018 -1.734723475976807E-018  2.864436402384619E-018
  8.802109985692646E-004 -6.776263578034403E-021  3.617818612398727E-021
  4.235164736271502E-022  2.646977960169689E-023  8.028763460837457E-023
  0.000000000000000E+000  8.027055683379511E-005  0.000000000000000E+000
  1.626303258728257E-019  5.421010862427522E-020  5.651193607565609E-020
 -7.085801495798288E-005  5.421010862427522E-020 -2.168404344971009E-019
  1.626303258728257E-019 -4.950420438577610E-020   1.10919305620356     
 -1.137259340419638E-015  3.458386521871182E-016 -5.669008347174687E-002
  2.915003331098740E-017 -8.498766153192484E-018 -7.223889054105457E-016
  1.645040409959288E-016 -1.665104524680178E-016 -8.353388947160723E-016
  -1.44605026431373       5.574953801660643E-016 -1.260524685694535E-016
  1.276101038602377E-016  6.443802274008618E-016   1.11582052057646     
   1.10935107919348       6.749700624808508E-016  2.911082833123579E-017
 -5.680963719844011E-002 -1.734850530918895E-017 -1.201296007113939E-016
  3.198667459375359E-016  -1.44016286775946      -5.264885749589610E-016
 -3.744823725185111E-016  9.280770596475918E-017 -2.471574377452268E-016
   1.11163015858135       4.059252933785729E-016  2.865352510012123E-016
   1.10935107919348      -8.544057566187705E-018 -1.735214582197823E-017
 -5.680963719844002E-002  2.400044464223187E-016  -1.44016286775946     
 -3.392512613196595E-016 -6.082436536526955E-016  1.434121097012456E-018
 -1.860843455550004E-016   1.11163015858135       2.612941630735081E-016
  4.700751745465322E-016 -9.955854574996042E-019  8.437052185495992E-004
 -8.642627161092811E-019  2.464536305794396E-019  2.038609374233231E-017
 -4.801570443337239E-018  4.598244459720232E-018  2.357317619017025E-017
  4.080708675431428E-002 -1.607992938266048E-017  3.800017516208972E-018
 -3.615450474511279E-018 -1.859615518542575E-017 -3.219097439336154E-002
  8.466110697551860E-004  5.200517598345387E-019  3.469446951953614E-018
 -9.058170337937488E-018  4.075924590602040E-002  1.496198998029996E-017
  1.054032694776280E-017 -2.778268066994105E-018  7.147264008931786E-018
 -3.215979871780232E-002 -1.176359357146772E-017 -8.341231803327425E-018
  8.466110697551849E-004 -7.047897276698524E-018  4.075924590602035E-002
  9.509145961931274E-018  1.712787221097613E-017 -3.303304425789375E-019
  5.513135185834884E-018 -3.215979871780227E-002 -7.492641680005092E-018
 -1.351706737770082E-017  3.139546792610796E-019  0.231064461797465     
 -1.388987380272799E-016  9.226094955353493E-017  1.032367837382970E-016
  8.392449926696339E-016 -0.355944104247284       1.137292062821463E-016
 -6.850681744078561E-017 -8.251706492357574E-017 -6.547139230600385E-016
  0.845914485985229      -5.024310020654407E-016  6.351506819628703E-016
 -4.646219445217886E-016  1.129409008433459E-016  -1.31969702075727     
  3.924223989607585E-016 -4.950372761218664E-016  3.620674229305393E-016
  0.845914485985230       8.049338077703407E-016  1.499340313951288E-015
 -6.851832299201464E-017  3.924806948660837E-016  -1.31969702075727     
 -6.290554323660571E-016 -1.170729682908146E-015  0.232884592020514     
  9.965106444194814E-016 -8.490925155231377E-017 -4.914622477795638E-016
 -6.241529822556975E-016 -0.358768922241078      -7.774457872865779E-016
  0.849235199480134      -6.547496919639961E-016  3.616898447411643E-016
 -1.170938346284345E-015 -7.778066385411009E-016  -1.32457703846715     
  0.137208900970124      -8.935847915840828E-017  5.143367912726067E-017
  6.284064200228463E-017  5.117331533156930E-016  0.515952259060481     
 -3.073433154755828E-016  3.886897318224346E-016 -2.863528146388394E-016
  0.515952259060482       4.884304617511494E-016  9.146787842253009E-016
  0.138306023065547       6.079699035421281E-016  0.517750023322287     
   1.57083145394452      -5.482606642975724E-002  0.000000000000000E+000
  6.289315457407193E-020 -8.673617379884035E-019  0.000000000000000E+000
  3.223691573945884E-021  0.000000000000000E+000 -5.359506827170967E-003
 -2.359223927328458E-016  3.903127820947816E-017  2.046973701652632E-016
  1.542832186947892E-016  4.446548485353054E-003  1.951563910473908E-016
 -3.469446951953614E-017 -1.682681771697503E-016 -1.269571284499173E-016
  8.802109985692646E-004 -1.694065894508601E-021 -9.023030931818416E-022
  0.000000000000000E+000  1.323488980084844E-023  1.020632249147314E-022
  0.000000000000000E+000  8.027055683379304E-005  3.794707603699266E-018
 -9.215718466126788E-019 -3.225501463144376E-018 -2.408066876581722E-018
 -7.085801495798117E-005 -3.252606517456513E-018  7.047314121155779E-019
  2.900240811398724E-018  2.006513119527741E-018   1.10919305620356     
  8.891934851998811E-016  4.839531356626279E-015 -5.669008347174693E-002
 -2.276502727932778E-017 -1.234618656011738E-016  4.842511203274299E-016
  2.501695844536550E-016  5.933871456025971E-016  1.207961301014568E-015
   1.44605026431373      -3.731093670639136E-016 -1.996637394083317E-016
 -4.573647967858142E-016 -9.316387429031889E-016  -1.11582052057646     
   1.10935107919348      -2.873677858172830E-016 -2.271403551357132E-017
 -5.680963719844007E-002  7.952792341770626E-018  1.635410556977135E-015
 -9.501676789119839E-016   1.44016286775946       1.717376241217039E-015
  1.242861768272509E-015 -1.268516541808040E-015  7.485467324111483E-016
  -1.11163015858135      -1.334869714764153E-015 -9.693245556068870E-016
   1.10935107919348      -1.235177325004111E-016  7.955457342041909E-018
 -5.680963719844012E-002  3.304648221735818E-016   1.44016286775946     
  1.326196097384269E-015 -9.272096979096034E-016  1.635919929172111E-015
 -2.558717127065790E-016  -1.11163015858135      -1.024516842890177E-015
  7.138387103644561E-016 -1.268317820327836E-015  8.437052185495997E-004
  6.706461750009677E-019  3.676049241788599E-018 -1.358414823085340E-017
 -7.110729569428777E-018 -1.653305721684510E-017 -3.396739562799241E-017
 -4.080708675431430E-002  1.071300685129991E-017  5.549037728146873E-018
  1.301503764140024E-017  2.678792031596404E-017  3.219097439336156E-002
  8.466110697551852E-004 -2.659518018255992E-019 -4.927698873946618E-017
  3.276958714690074E-017 -4.075924590602041E-002 -5.220433460517704E-017
 -3.910221624457720E-017  3.918035600819492E-017 -2.640159344944291E-017
  3.215979871780233E-002  4.153849573335089E-017  3.126211815254386E-017
  8.466110697551857E-004 -9.988212514022710E-018 -4.075924590602032E-002
 -3.781409186427373E-017  2.442165393523599E-017 -4.804779621038566E-017
  7.928228386300251E-018  3.215979871780226E-002  2.986553468723938E-017
 -1.909551076290095E-017  3.811442688605244E-017  0.231064461797466     
  2.676821300367353E-016  3.324999166977587E-015 -1.350239551923035E-015
  6.541820804000221E-016 -0.355944104247286      -2.133247074794654E-016
 -2.588034971398014E-015  1.034582662487550E-015 -5.107227613086571E-016
  0.845914485985227       4.845932863735476E-016  3.906838737742079E-016
 -1.370847816636686E-015 -2.121159147667236E-016  -1.31969702075726     
 -3.633441562358180E-016 -2.941148805993784E-016  1.062560045995934E-015
  0.845914485985231       1.848569983407207E-015  1.648344104378021E-015
 -2.587243205052416E-015 -3.634921927702065E-016  -1.31969702075727     
 -1.460258261567793E-015 -1.296355073780802E-015  0.232884592020513     
  3.958135381894591E-016  1.037641278322888E-015 -2.921728469939669E-016
 -1.458726636997016E-015 -0.358768922241076      -3.185065417628899E-016
  0.849235199480134      -5.108489586208576E-016  1.065987575987748E-015
 -1.297573160030652E-015 -3.182133376244956E-016  -1.32457703846715     
  0.137208900970124       1.675412736079141E-016  2.018205410494157E-015
 -7.927367837809743E-016  3.993365207713240E-016  0.515952259060480     
  2.726886858537396E-016  2.261923690285509E-016 -8.275433210719417E-016
  0.515952259060483       1.150008871643493E-015  1.022178230009771E-015
  0.138306023065546       2.574374075009469E-016  0.517750023322287     
