   1.57102834181138      -5.453990498279610E-002  6.104193890586264E-003
  6.104193890586254E-003 -6.104193890586268E-003 -3.736452776297708E-004
 -3.736452776297707E-004  3.736452776297712E-004 -9.020562075079397E-017
 -2.893075249230048E-003  2.893075249230097E-003  6.591949208711867E-017
  2.893075249230160E-003  6.938893903907228E-017  2.321713816403152E-003
 -2.321713816403191E-003 -3.816391647148976E-017 -2.321713816403240E-003
  8.745074436236784E-004 -7.599154763617003E-005 -7.599154763617004E-005
  7.599154763617004E-005  1.169072205564304E-005  1.169072205564304E-005
 -1.169072205564303E-005  1.599198204416119E-018 -3.147656544633571E-004
  3.147656544633573E-004 -3.252606517456513E-019  3.147656544633557E-004
 -1.409462824231156E-018  2.429503551810078E-004 -2.429503551810080E-004
  3.523657060577889E-019 -2.429503551810068E-004   1.10716512292749     
 -1.506424019848293E-003  1.506424019847802E-003 -5.654542325689951E-002
 -5.321050153339490E-005  5.321050153341003E-005  1.927277288355084E-002
  8.700255979134127E-003 -8.700255979133827E-003 -2.960707610075300E-016
  -1.43729490464490      -1.533604047756928E-002 -7.383098993576421E-003
  7.383098993576178E-003  2.283196071537029E-016   1.10928580384748     
   1.10716512292749       1.506424019847863E-003 -5.321050153339480E-005
 -5.654542325689949E-002  5.321050153340840E-005 -9.636386441774447E-003
  8.700255979133473E-003  -1.43729490464490       1.669071091852187E-002
 -8.700255979134444E-003  7.668020238783897E-003 -7.383098993575906E-003
   1.10928580384748      -1.328140064704065E-002  7.383098993576644E-003
   1.10716512292749       5.321050153341005E-005  5.321050153340854E-005
 -5.654542325689952E-002  9.636386441776060E-003  -1.43729490464489     
  8.700255979133762E-003  1.669071091852221E-002  8.700255979133160E-003
 -7.668020238785132E-003   1.10928580384748      -7.383098993576149E-003
 -1.328140064704092E-002 -7.383098993575677E-003  8.406991239346454E-004
  2.613374570014666E-006 -2.613374570015176E-006 -4.694579815318919E-004
 -3.225333328467150E-004  3.225333328467031E-004  8.073687657175679E-018
  4.057470881577537E-002  3.801794481178414E-004  2.657443154312160E-004
 -2.657443154312062E-004 -6.372842643276596E-018 -3.201054748671010E-002
  8.406991239346452E-004 -2.613374570015137E-006  2.347289907659210E-004
 -3.225333328466931E-004  4.057470881577536E-002 -4.065625380159583E-004
  3.225333328467174E-004 -1.900897240589012E-004  2.657443154311985E-004
 -3.201054748671010E-002  3.292450600667784E-004 -2.657443154312177E-004
  8.406991239346454E-004 -2.347289907659620E-004  4.057470881577534E-002
 -3.225333328467043E-004 -4.065625380159673E-004 -3.225333328466882E-004
  1.900897240589331E-004 -3.201054748671008E-002  2.657443154312075E-004
  3.292450600667853E-004  2.657443154311948E-004  0.230350911242054     
  5.061928611966335E-004 -5.061928611982758E-004  3.955169525227120E-016
  1.012385722394811E-003 -0.354774630663087      -2.245031331112028E-004
  2.245031331124716E-004 -3.087807787238717E-016 -4.490062662236115E-004
  0.842791905135797      -9.388122654897461E-003  8.767517540234204E-004
 -9.388122654897708E-003 -3.869244686512509E-005  -1.31464361361123     
  7.981443601940003E-003 -6.701728384124646E-005  7.981443601940193E-003
  0.842791905135799       8.767517540234320E-004  9.388122654898816E-003
  3.869244686639427E-005  7.981443601939992E-003  -1.31464361361123     
 -6.701728384124483E-005 -7.981443601941047E-003  0.230350911242054     
  1.132987960619110E-016 -2.973069719725544E-016 -3.888508330086986E-004
 -3.888508330086997E-004 -0.354774630663087      -9.194272623548792E-017
  0.842791905135799      -7.738489373143913E-005  7.981443601940195E-003
 -7.981443601941045E-003 -9.254141649076178E-017  -1.31464361361123     
  0.136731580516252      -9.782848531119799E-005  9.782848531021942E-005
  2.428612866367530E-016 -1.956569706214804E-004  0.513905494003180     
 -6.725386011045415E-003 -1.694439069851988E-004 -6.725386011045588E-003
  0.513905494003180      -1.694439069851908E-004  6.725386011046228E-003
  0.136731580516252       7.181758992804514E-017  0.513905494003180     
   1.57102834181138      -5.453990498279610E-002 -6.104193890586258E-003
 -6.104193890586270E-003  6.104193890586274E-003  3.736452776297708E-004
  3.736452776297714E-004 -3.736452776297713E-004 -6.938893903907228E-017
 -2.893075249229910E-003  2.893075249229963E-003  1.873501354054952E-016
  2.893075249230120E-003  4.163336342344337E-017  2.321713816403045E-003
 -2.321713816403084E-003 -1.457167719820518E-016 -2.321713816403202E-003
  8.745074436236784E-004  7.599154763617001E-005  7.599154763617001E-005
 -7.599154763617000E-005 -1.169072205564303E-005 -1.169072205564303E-005
  1.169072205564302E-005 -3.876022766635678E-018 -3.147656544633622E-004
  3.147656544633592E-004 -5.475220971051797E-018  3.147656544633611E-004
  3.008661028647275E-018  2.429503551810121E-004 -2.429503551810099E-004
  4.851804721872632E-018 -2.429503551810107E-004   1.10716512292749     
 -1.506424019848114E-003  1.506424019849673E-003 -5.654542325689954E-002
 -5.321050153339985E-005  5.321050153336211E-005 -1.927277288355126E-002
 -8.700255979133433E-003  8.700255979132730E-003  2.149515467199228E-016
   1.43729490464490       1.533604047756961E-002  7.383098993575880E-003
 -7.383098993575346E-003 -1.676482858582771E-016  -1.10928580384748     
   1.10716512292749       1.506424019847695E-003 -5.321050153339987E-005
 -5.654542325689955E-002  5.321050153341055E-005  9.636386441775323E-003
 -8.700255979133851E-003   1.43729490464490      -1.669071091852187E-002
  8.700255979134054E-003 -7.668020238784564E-003  7.383098993576205E-003
  -1.10928580384748       1.328140064704065E-002 -7.383098993576353E-003
   1.10716512292749       5.321050153336214E-005  5.321050153341048E-005
 -5.654542325689953E-002 -9.636386441774296E-003   1.43729490464490     
 -8.700255979134312E-003 -1.669071091852174E-002 -8.700255979134177E-003
  7.668020238783782E-003  -1.10928580384748       7.383098993576553E-003
  1.328140064704053E-002  7.383098993576454E-003  8.406991239346456E-004
  2.613374570014827E-006 -2.613374570013739E-006  4.694579815319060E-004
  3.225333328466942E-004 -3.225333328466731E-004 -6.022337338246102E-018
 -4.057470881577539E-002 -3.801794481178521E-004 -2.657443154311997E-004
  2.657443154311828E-004  4.694187535077417E-018  3.201054748671012E-002
  8.406991239346459E-004 -2.613374570015124E-006 -2.347289907659448E-004
  3.225333328467059E-004 -4.057470881577536E-002  4.065625380159559E-004
 -3.225333328467094E-004  1.900897240589198E-004 -2.657443154312087E-004
  3.201054748671010E-002 -3.292450600667761E-004  2.657443154312114E-004
  8.406991239346454E-004  2.347289907659151E-004 -4.057470881577538E-002
  3.225333328467184E-004  4.065625380159460E-004  3.225333328467144E-004
 -1.900897240588963E-004  3.201054748671010E-002 -2.657443154312186E-004
 -3.292450600667679E-004 -2.657443154312154E-004  0.230350911242054     
  5.061928611988136E-004 -5.061928611973469E-004  2.081668171172169E-016
  1.012385722394064E-003 -0.354774630663088      -2.245031331129015E-004
  2.245031331117473E-004 -1.595945597898663E-016 -4.490062662230356E-004
  0.842791905135798      -9.388122654898518E-003  8.767517540239338E-004
 -9.388122654899401E-003 -3.869244686681471E-005  -1.31464361361123     
  7.981443601940834E-003 -6.701728384166453E-005  7.981443601941515E-003
  0.842791905135798       8.767517540238037E-004  9.388122654897135E-003
  3.869244686566027E-005  7.981443601940839E-003  -1.31464361361123     
 -6.701728384154616E-005 -7.981443601939749E-003  0.230350911242054     
 -1.384639888849304E-016 -1.554612006460560E-016 -3.888508330091238E-004
 -3.888508330089947E-004 -0.354774630663087       1.101457084463148E-016
  0.842791905135799      -7.738489373085856E-005  7.981443601941519E-003
 -7.981443601939741E-003  1.112209817122831E-016  -1.31464361361123     
  0.136731580516252      -9.782848530988685E-005  9.782848531078624E-005
  1.318389841742373E-016 -1.956569706219337E-004  0.513905494003180     
 -6.725386011046081E-003 -1.694439069848484E-004 -6.725386011046612E-003
  0.513905494003180      -1.694439069849592E-004  6.725386011045217E-003
  0.136731580516252      -8.431400525929032E-017  0.513905494003181     
