   1.57068742723730      -5.535608100868840E-002 -5.421010862427522E-020
  1.826999305344106E-019  0.000000000000000E+000  0.000000000000000E+000
  5.263970721318539E-021  0.000000000000000E+000 -1.631796402098232E-002
 -1.214306433183765E-017  1.734723475976807E-018 -3.469446951953614E-018
 -7.936580673374092E-020  1.355787625146480E-002  1.040834085586084E-017
 -2.602085213965211E-018  1.040834085586084E-017  5.907976489194433E-020
  8.916640286930553E-004  3.388131789017201E-021  4.377065839822185E-022
 -1.270549420881451E-021  0.000000000000000E+000  1.566027603369027E-022
  0.000000000000000E+000  2.504755863500041E-004  2.168404344971009E-019
 -5.421010862427522E-020  1.355252715606881E-019 -7.463860864494196E-021
 -2.206760708975911E-004 -1.084202172485504E-019  1.626303258728257E-019
 -1.355252715606881E-019  3.124813594788982E-021   1.11302599513162     
  1.806611935942959E-016  1.164278806286612E-016 -5.696365993163705E-002
 -4.803172645414455E-018 -3.081373872755768E-018  1.015669115632517E-015
 -7.524765392911165E-016  1.815258433236064E-016 -4.418504350167222E-016
  -1.46299877561679      -7.833323348816096E-016  5.777393640867281E-016
 -1.381038889944617E-016  3.405054505715800E-016   1.12856433882226     
   1.11351755523509      -3.028176667752014E-016 -4.851804721872632E-018
 -5.732715320994396E-002  7.747810368535085E-018  4.371503159461554E-016
 -9.096456227153382E-016  -1.44511379268176      -1.647987302177967E-016
  1.004316141782258E-016 -3.356689926015122E-016  7.030644512753814E-016
   1.11581683775206       1.266348137463069E-016 -7.705589083043162E-017
   1.11351755523509      -3.064634374180413E-018  7.747339736142859E-018
 -5.732715320994392E-002 -8.231637322893456E-019  -1.44511379268176     
  4.623005675311799E-016 -5.231764832784886E-017 -1.226009484685622E-016
  6.306660758686846E-019   1.11581683775206      -3.572795414638838E-016
  4.051893261915301E-017  9.187587062960281E-017  8.493826254808018E-004
  1.488293150825684E-019  1.002072200929558E-019 -2.862798997172626E-017
  2.136958488813792E-017 -4.923908982270772E-018  1.245430954838147E-017
  4.126091394000918E-002  2.258282198603908E-017 -1.685813837210763E-017
  3.868025109981533E-018 -9.822582165518627E-018 -3.254462292924198E-002
  8.582100944242931E-004 -2.294714824507856E-019 -1.200753906027696E-017
  2.608565016011706E-017  4.111317767168417E-002  4.770489558936220E-018
 -2.801223959685930E-018  9.378348791999613E-018 -2.060513523314492E-017
 -3.244732565711003E-002 -3.713392440762853E-018  2.219447919675588E-018
  8.582100944242929E-004 -8.158175687595285E-021  4.111317767168416E-002
 -1.329132902271600E-017  1.647320074390029E-018  3.451240893528374E-018
  1.260984870794451E-020 -3.244732565711003E-002  1.050040266542003E-017
 -1.262157808468972E-018 -2.732993794574464E-018  0.232940635522901     
 -6.478439826779190E-017 -4.689327894188179E-016  1.151300552951231E-016
 -1.196863039787114E-015 -0.358959470096948       4.911316345378899E-017
  3.649786808298237E-016 -8.827764886413424E-017  9.333241311520026E-016
  0.852552588250231       7.576573929218450E-016  9.974269968351874E-019
  9.311529241233131E-016  5.074785066391417E-017  -1.33045351391189     
 -5.911314641572261E-016 -1.085737012235842E-018 -7.286971589069123E-016
  0.852552588250231       3.431582695439909E-016 -4.723330939859686E-016
  3.648776341985053E-016 -5.910408645710181E-016  -1.33045351391189     
 -2.673983173621154E-016  3.689498763220320E-016  0.238402897513985     
  4.149798487011211E-016 -8.666007282504423E-017 -6.220476279605309E-018
 -2.645461590913345E-016 -0.367414463778190      -3.247965133201190E-016
  0.862702734985004       9.331728098582737E-016 -7.277164981722706E-016
  3.712308238590367E-016 -3.247185506594086E-016  -1.34538506844356     
  0.138419528549158      -4.048347962819756E-017 -2.871896844409872E-016
  7.022713857238531E-017 -7.296322850098950E-016  0.520309073537754     
  4.621295104078913E-016  7.817298448070858E-019  5.662973160532637E-016
  0.520309073537754       2.044539879819933E-016 -2.884507957166469E-016
  0.141694440719542       2.543835665302247E-016  0.525816572906456     
   1.57068742723730      -5.535608100868841E-002  2.710505431213761E-020
 -1.412907762566802E-019  0.000000000000000E+000 -4.235164736271502E-022
  5.332508651939884E-021  0.000000000000000E+000 -1.631796402098233E-002
 -8.673617379884035E-018  2.602085213965211E-018 -3.989863994746656E-017
 -1.963615028472131E-017  1.355787625146481E-002  4.336808689942018E-018
 -2.602085213965211E-018  4.163336342344337E-017  1.614495458956914E-017
  8.916640286930553E-004  3.388131789017201E-021  3.459766476871518E-022
  1.270549420881451E-021  2.646977960169689E-023  1.680767917351963E-022
  0.000000000000000E+000  2.504755863500043E-004  1.084202172485504E-019
 -1.084202172485504E-019  8.131516293641283E-019  3.109519598575443E-019
 -2.206760708975913E-004 -1.626303258728257E-019  2.168404344971009E-019
 -7.047314121155779E-019 -2.591869901312736E-019   1.11302599513162     
  9.300189555059486E-017 -2.229160203792608E-016 -5.696365993163700E-002
 -2.278494873372561E-018  5.739301725232046E-018 -4.876918520288594E-016
  2.399792363915332E-016 -3.663368952712945E-016  1.544311531143771E-015
   1.46299877561679       3.760751736400837E-016 -1.838419858015625E-016
  2.831009782428662E-016 -1.190984899792523E-015  -1.12856433882226     
   1.11351755523509      -1.167685739766888E-016 -2.195509399283146E-018
 -5.732715320994391E-002  3.201784540621255E-018  2.255140518769849E-017
  3.210322632729579E-016   1.44511379268176      -7.433290094560618E-016
 -6.480432060081373E-018 -1.604619215278547E-017 -2.480247994832152E-016
  -1.11581683775206       5.724587470723463E-016  1.610842852441175E-018
   1.11351755523509       5.865600361649888E-018  3.204854409088315E-018
 -5.732715320994392E-002 -1.835132215663117E-016   1.44511379268176     
 -5.618016032770079E-016 -2.016814276264741E-016 -2.412672717414103E-016
  1.386991552852777E-016  -1.11581683775206       4.345463880453197E-016
  1.525926657591953E-016  1.864039661407618E-016  8.493826254808014E-004
  6.110450455677710E-020 -1.790024995079201E-019  1.374230121573355E-017
 -6.738197231984594E-018  1.034890242340944E-017 -4.351524625381564E-017
 -4.126091394000918E-002 -1.083912666724704E-017  5.270869546209024E-018
 -8.170219905522791E-018  3.432195332823986E-017  3.254462292924198E-002
  8.582100944242927E-004 -1.047922030818929E-019 -6.098637220230962E-019
 -9.131015171401358E-018 -4.111317767168415E-002  2.103352214621879E-017
  1.987005282353201E-019  5.421010862427522E-019  7.206768073476401E-018
  3.244732565711003E-002 -1.661539829334036E-017 -2.513963510868428E-019
  8.582100944242928E-004  5.107987439761696E-018 -4.111317767168417E-002
  1.623588548890334E-017  5.796062068150974E-018  6.920383123114623E-018
 -4.111777152426683E-018  3.244732565711003E-002 -1.283871754350147E-017
 -4.564543599480688E-018 -5.487742750442819E-018  0.232940635522901     
 -1.933939718941658E-016  9.594244169096616E-018  2.219449677418673E-016
 -5.065621097811285E-016 -0.358959470096948       1.499841864259844E-016
 -1.063754842474994E-017 -1.690991993538936E-016  3.957974908732394E-016
  0.852552588250232      -1.861962533275714E-016 -3.218643728455121E-016
  1.684198256860866E-016  1.486857566998653E-016  -1.33045351391189     
  1.451757829387431E-016  2.531400207717325E-016 -1.298250649534564E-016
  0.852552588250232      -8.000135761585742E-016 -5.104841485914343E-016
 -8.963595730690586E-018  1.452390138815757E-016  -1.33045351391189     
  6.238356971526442E-016  4.011489252630046E-016  0.238402897513985     
  1.618626339816148E-015 -1.610951831110964E-016  2.518100014499829E-016
  6.228970598971131E-016 -0.367414463778189      -1.263285062595872E-015
  0.862702734985004       3.958693182287698E-016 -1.275021754842953E-016
  4.007211229506424E-016 -1.263746052249104E-015  -1.34538506844356     
  0.138419528549158      -1.195694538598318E-016  5.132084600795809E-018
  1.294175697424450E-016 -3.100160108526423E-016  0.520309073537754     
 -1.134736539423775E-016 -1.980768906333533E-016  1.012411035164666E-016
  0.520309073537754      -4.913144527795907E-016 -3.110214965593280E-016
  0.141694440719542       9.891256620850848E-016  0.525816572906456     
