   1.57123163512444      -5.375581685886195E-002  0.000000000000000E+000
 -1.375304844016484E-019  0.000000000000000E+000  4.235164736271502E-022
 -1.246641550309632E-021  0.000000000000000E+000  1.555023098336370E-002
 -3.469446951953614E-017  9.627715291671279E-017 -2.463307335887066E-016
 -1.561904165212552E-017 -1.285907889446022E-002  2.688821387764051E-017
 -7.459310946700271E-017  1.986258379993444E-016  1.277178429320382E-017
  8.576153271193508E-004 -1.694065894508601E-021 -1.197533564357425E-021
  8.470329472543003E-022  2.646977960169689E-023 -5.124761472231104E-022
  0.000000000000000E+000 -2.321897895951314E-004  5.421010862427522E-019
 -9.757819552369540E-019  3.469446951953614E-018  2.037749520156722E-019
  2.046459487917557E-004 -5.421010862427522E-019  1.084202172485504E-018
 -2.927345865710862E-018 -1.693976229813678E-019   1.10148474154149     
  2.722710522939363E-016  2.697479558544565E-017 -5.613610422676654E-002
 -6.960682339814857E-018 -8.188983583554472E-019 -3.133320980963443E-015
  5.341912034221081E-016  1.069421708008558E-015  5.471679451776985E-018
  -1.41226940302638       2.419339173713984E-015 -4.080717416193415E-016
 -8.255391889097423E-016 -3.379333249790610E-018   1.09036451460591     
   1.10106320515306      -6.679769584683193E-016 -6.965998958219366E-018
 -5.577668464350183E-002  1.662937433697005E-017  9.533606543099538E-015
  8.846927097155843E-015  -1.42986536625268       2.155046974205987E-014
  4.836779817594549E-015 -7.357829623355627E-015 -6.824090446368170E-015
   1.10294916458103      -1.661431409116787E-014 -3.730566810739425E-015
   1.10106320515306      -7.726400825496217E-019  1.663134910078938E-017
 -5.577668464350178E-002  2.478831133093910E-015  -1.42986536625265     
 -9.676802354639385E-015  1.257371642917951E-014  2.449045734445758E-015
 -1.898281471426604E-015   1.10294916458101       7.460942430119406E-015
 -9.670303933845648E-015 -1.883505295822482E-015  8.323352257243262E-004
  2.116884324670764E-019  2.763287576966477E-020  8.860655213879173E-017
 -1.492738604175947E-017 -3.031048352668514E-017  2.134552656077625E-020
  3.989980764337126E-002 -6.991981982631705E-017  1.175690760165078E-017
  2.391152421755366E-017 -2.694371249611031E-020 -3.148359654765130E-002
  8.236561681022699E-004 -4.789938229498566E-019 -2.684891154888791E-016
 -2.475813777353276E-016  4.004367726556728E-002 -6.012172096975243E-016
 -1.353600063035064E-016  2.117988943950433E-016  1.952260595073025E-016
 -3.157943162985088E-002  4.738641120119458E-016  1.067625010518352E-016
  8.236561681022691E-004 -6.410453637261690E-017  4.004367726556642E-002
  2.697624925614146E-016 -3.415842813468515E-016 -6.757671727087039E-017
  5.004395026068646E-017 -3.157943162985019E-002 -2.126308819678425E-016
  2.683713833848752E-016  5.325152496144798E-017  0.227607795248505     
 -2.080267503458811E-015 -1.149449144675005E-014  2.072810468183773E-015
  3.700900884368483E-015 -0.350435668630611       1.614943760851092E-015
  8.962917062160183E-015 -1.586538782718229E-015 -2.886357257139645E-015
  0.832777481933941       1.407401966009217E-015 -1.271369421967631E-014
 -3.436333740424648E-015  1.615785209093619E-015  -1.29844325789174     
 -1.092595855939131E-015  9.891098956049050E-015  2.677067391036544E-015
  0.832777481933976      -2.693261312246147E-014 -7.100851750797022E-015
  8.962718041988256E-015 -1.092381608704992E-015  -1.29844325789179     
  2.096947901429754E-014  5.537763649198951E-015  0.222198629437037     
  8.972481850883037E-017 -1.591211064866853E-015  9.894401289822857E-015
  2.097219764496294E-014 -0.342012177306335      -6.873178268360771E-017
  0.822802532416338      -2.886606969079719E-015  2.677545685170202E-015
  5.533767888366015E-015 -6.928051882182373E-017  -1.28370236424838     
  0.135015700349333      -1.254068063116283E-015 -7.004835126402553E-015
  1.222998088778820E-015  2.256490055493803E-015  0.507356850753018     
  8.501374873101465E-016 -7.717644184112356E-015 -2.091564137671554E-015
  0.507356850753039      -1.636621207957427E-014 -4.327783742552391E-015
  0.131733606768003       5.285861876727144E-017  0.501893531240143     
   1.57123163512444      -5.375581685886195E-002  0.000000000000000E+000
  3.465020281108371E-019 -4.336808689942018E-019  4.235164736271502E-022
 -6.104603784017775E-022  0.000000000000000E+000  1.555023098336372E-002
  1.821459649775647E-017 -2.515349040166370E-017  2.255140518769849E-017
 -1.752395244715285E-017 -1.285907889446023E-002 -1.387778780781446E-017
  1.994931997373328E-017 -2.168404344971009E-017  1.445002356112963E-017
  8.576153271193509E-004  3.388131789017201E-021  4.696908578342554E-022
 -2.117582368135751E-021 -3.970466940254533E-023  2.252468102115546E-024
  0.000000000000000E+000 -2.321897895951317E-004 -2.168404344971009E-019
  4.336808689942018E-019 -5.149960319306146E-019  2.606681182422023E-019
  2.046459487917559E-004  1.626303258728257E-019 -4.336808689942018E-019
  2.168404344971009E-019 -2.211027225460845E-019   1.10148474154149     
 -3.173407845388858E-017 -2.903669440138150E-016 -5.613610422676658E-002
  9.554596845824491E-019  7.493597396295343E-018  2.557991346288993E-016
 -1.874644766975348E-017 -1.140263882995355E-016 -2.505230688313346E-016
   1.41226940302638      -1.974342698167289E-016  1.430577297162073E-017
  9.243323875513587E-017  1.933515737386479E-016  -1.09036451460591     
   1.10106320515306      -5.204170427930421E-018  1.002887009549092E-018
 -5.577668464350180E-002  4.362219678359647E-020 -3.864096542738338E-016
 -2.020139697883616E-016   1.42986536625266      -2.081668171172169E-017
  2.289158409714768E-016  3.005408422129818E-016  1.557320895503866E-016
  -1.10294916458101       1.821459649775647E-017 -1.772991462658583E-016
   1.10106320515306       7.467392803495337E-018  4.464881349248167E-020
 -5.577668464350179E-002  4.259041875562381E-016   1.42986536625266     
  1.974964189000644E-016 -9.295461337273847E-017 -2.287416095507169E-017
 -3.310229710440718E-016  -1.10294916458101      -1.521333791483123E-016
  7.144210302069935E-017  1.596972916114702E-017  8.323352257243264E-004
 -3.673472896761308E-020 -2.201631954849264E-019 -7.195204424759613E-018
  4.502066977822454E-019  3.533107505421388E-018  7.056197495452639E-018
 -3.989980764337122E-002  5.676365428832423E-018 -3.770619351543121E-019
 -2.802498832059284E-018 -5.567231892774073E-018  3.148359654765127E-002
  8.236561681022693E-004  2.531999855024818E-021  1.089623183347932E-017
  5.618793055611401E-018 -4.004367726556655E-002  5.963111948670274E-019
 -6.413238473166940E-018 -8.592302216947623E-018 -4.425323632930092E-018
  3.157943162985030E-002 -4.878909776184770E-019  5.078844610527977E-018
  8.236561681022692E-004 -1.282484734107266E-017 -4.004367726556654E-002
 -5.453293506384498E-018  3.019825635944201E-018  5.993583601074541E-019
  1.015720487539311E-017  3.157943162985029E-002  4.290006607030498E-018
 -2.481526662100925E-018 -4.674273536956274E-019  0.227607795248505     
  5.429766322613470E-016 -3.737827193844699E-016 -1.533078433452806E-016
  2.587186791921330E-016 -0.350435668630611      -4.277557477075244E-016
  2.914314801402291E-016  1.268821755880121E-016 -2.019845176588358E-016
  0.832777481933946      -1.227378810704466E-017  5.895316656250577E-017
  1.811467680118200E-016 -4.272354619740012E-016  -1.29844325789175     
  9.859300380075928E-018 -4.228754474816628E-017 -1.411948511391492E-016
  0.832777481933946      -9.940318521311427E-017  1.681477062826257E-016
  2.888416848633587E-016  9.955187175635789E-018  -1.29844325789175     
  7.386967802020042E-017 -1.287146781116771E-016  0.222198629437033     
 -4.854341596702819E-016  1.205808627866632E-016 -4.030791881431343E-017
  7.670542815148225E-017 -0.342012177306328       3.755446904604504E-016
  0.822802532416337      -2.019597596797373E-016 -1.379105163401562E-016
 -1.292368989602721E-016  3.763265740697186E-016  -1.28370236424838     
  0.135015700349333       3.346049347678422E-016 -2.264772350943700E-016
 -9.387877856824864E-017  1.582021524502503E-016  0.507356850753021     
 -7.922839253166856E-018  3.060754031739020E-017  1.077406391363197E-016
  0.507356850753021      -5.906400161631804E-017  1.008039019511452E-016
  0.131733606768001      -2.923641836100033E-016  0.501893531240142     
