   1.57545500311255      -4.813453758687716E-002  6.640738306473715E-019
 -2.472061604366588E-020  0.000000000000000E+000 -7.623296525288703E-021
  6.545385747793991E-022  2.710505431213761E-020  3.469446951953614E-018
 -1.261956585547206E-017  1.214306433183765E-017  1.474514954580286E-017
  1.805196617188365E-017 -2.602085213965211E-018  9.928226188459022E-018
 -7.372574772901430E-018 -2.949029909160572E-017 -1.704907916233456E-017
  7.447321023916297E-004 -4.235164736271502E-022  2.642178940892694E-021
  1.694065894508601E-021  1.151435412673815E-021 -9.636990592199928E-023
  4.235164736271502E-022 -2.676624113323589E-019  1.462764130828598E-019
 -1.084202172485504E-019 -8.334804200982315E-019 -1.863472483959461E-019
  9.147955830346444E-020 -9.148365358380357E-020  2.710505431213761E-020
  5.759824041329242E-019  5.124549330888517E-020   1.05886580512595     
  3.048845184564837E-015 -1.473543013241725E-015 -5.137986981649335E-002
 -7.391764901359143E-017  3.898091231214256E-017 -1.671154383482010E-016
  8.891841277355135E-016 -2.825359310665453E-015  5.438524906615244E-016
  -1.32755308908482       1.275356276430804E-016 -6.926336972495861E-016
  2.180262347363851E-015 -4.184605555344137E-016   1.02256202541942     
   1.05886580512594       9.062574909263210E-016 -7.392225937277730E-017
 -5.137986981649310E-002 -2.430116349848906E-017 -2.818925648462312E-017
 -1.366365339427137E-015  -1.32755308908481       6.025995674674434E-016
  8.677954188573977E-016  2.103352214621879E-017  1.056775929024108E-015
   1.02256202541942      -4.631711680858075E-016 -6.735063895479954E-016
   1.05886580512595       3.892522978865412E-017 -2.428153772888220E-017
 -5.137986981649331E-002 -4.232972324810514E-017  -1.32755308908482     
  6.456245013383334E-016  6.924097552045376E-016  2.737804150034079E-016
  3.229483370042486E-017   1.02256202541942      -4.968708909666338E-016
 -5.333822622640441E-016 -2.097832293790384E-016  7.296493304697496E-004
  2.102795161397190E-018 -1.178802118714225E-018  4.481907108433874E-018
 -2.689929583872442E-017  7.803738321686726E-017 -1.458453928703449E-017
  3.595503552082494E-002 -3.563850051461567E-018  2.134017458744858E-017
 -6.154568049898992E-017  1.146981988472732E-017 -2.831568354474736E-002
  7.296493304697464E-004  7.380303948545126E-019  8.267041565201971E-019
  3.956788034507630E-017  3.595503552082484E-002 -1.623592753297043E-017
 -2.526868688249029E-017 -6.810144895924575E-019 -3.134965719182672E-017
 -2.831568354474731E-002  1.281391442606306E-017  1.999675381877952E-017
  7.296493304697493E-004  8.302128492013097E-019  3.595503552082494E-002
 -1.768514971818382E-017 -1.863824768749332E-017 -7.396723102662255E-018
 -6.058584778053745E-019 -2.831568354474736E-002  1.393356989179442E-017
  1.465761054629549E-017  5.866725442291758E-018  0.190304277754307     
  1.149601781971636E-018  4.835380423706989E-017  4.451449432478596E-017
  1.506339391744045E-016 -0.291881418485947       8.433350608797527E-019
 -3.924873689215424E-017 -3.143480198315016E-017 -1.181051021173827E-016
  0.739896082926498       1.937045765757969E-016 -6.119237061508187E-016
 -2.493664996716660E-016  5.421010862427522E-019  -1.15200182390171     
 -1.499832769373717E-016  4.774826367626162E-016  1.940721888749053E-016
  0.739896082926497      -5.729136343347189E-016  1.307991796690973E-017
 -3.877286612060614E-017 -1.518528502949842E-016  -1.15200182390171     
  4.486449046158499E-016 -9.546183715585065E-018  0.190304277754306     
 -8.371599813867482E-016 -2.820556267521515E-017  4.800929154052442E-016
  4.498426684993164E-016 -0.291881418485946       6.496717437292867E-016
  0.739896082926497      -1.191581058858466E-016  1.929062254674898E-016
 -8.588851900217629E-018  6.503909719433649E-016  -1.15200182390171     
  0.112026344870670      -5.252259584940731E-019  3.079320981693651E-017
  2.531080051964643E-017  9.371024678491629E-017  0.449497741404326     
  1.187370785461078E-016 -3.749171112454874E-016 -1.517883041479706E-016
  0.449497741404325      -3.498058184924335E-016  5.831190448962466E-018
  0.112026344870670      -5.046349648364873E-016  0.449497741404326     
   1.57545500311255      -4.813453758687718E-002 -8.131516293641283E-020
  8.363117148714039E-020 -2.168404344971009E-019 -2.541098841762901E-020
 -2.237378413281184E-021 -6.776263578034403E-021 -4.336808689942018E-018
  1.198374758482034E-017 -4.336808689942018E-018 -1.257674520083185E-017
 -7.264154555652880E-018 -2.602085213965211E-018 -1.382428153013757E-017
  4.770489558936220E-018 -6.071532165918825E-018  7.995991022080595E-018
  7.447321023916297E-004  4.235164736271502E-022 -3.740095696720820E-022
  1.694065894508601E-021  0.000000000000000E+000 -5.016869623409287E-022
 -2.117582368135751E-022  6.776263578034403E-020 -5.060111794527077E-019
  7.318364664277155E-019 -2.507217523872729E-019 -3.261076846929056E-020
 -9.147955830346444E-020  4.762743822313176E-019 -6.640738306473715E-019
  2.507217523872729E-019 -4.997494388800372E-020   1.05886580512595     
 -1.166259425007099E-016 -4.597017211338539E-016 -5.137986981649333E-002
  3.058083578009310E-018  1.130280764816138E-017 -4.248717263427571E-016
  1.913262629406453E-016 -1.535230276239474E-016  5.835718193403228E-017
   1.32755308908482       3.267378772056628E-016 -1.488460617067545E-016
  1.170938346284345E-016 -4.447939412621782E-017  -1.02256202541942     
   1.05886580512595       4.515159947315883E-016  3.049318610115481E-018
 -5.137986981649331E-002 -1.065249810290689E-017 -1.713039432527097E-017
 -2.667539048468864E-016   1.32755308908482      -6.767589960654519E-016
  6.808789643208968E-017  1.322726650432315E-017  2.078610310410045E-016
  -1.02256202541942       5.199833619240479E-016 -5.204170427930421E-017
   1.05886580512595       1.127388459037780E-017 -1.070313261628287E-017
 -5.137986981649334E-002 -2.810345715054934E-016   1.32755308908482     
  6.512215875072368E-016 -7.899414307006769E-016 -3.951855735247631E-016
  2.166867299561377E-016  -1.02256202541942      -5.015476818003838E-016
  6.088336836832552E-016  3.035735174583637E-016  7.296493304697497E-004
 -8.647312716854408E-020 -3.252606517456513E-019  1.132186588947461E-017
 -5.008855688215721E-018  4.197895286592312E-018 -1.597795306097229E-018
 -3.595503552082491E-002 -8.920527484008664E-018  3.958149266549261E-018
 -3.306816626080789E-018  1.278331536084349E-018  2.831568354474734E-002
  7.296493304697492E-004  2.989496908215646E-019  3.455894424797545E-019
  7.383502873454856E-018 -3.595503552082496E-002  1.794354595463510E-017
 -1.938011383317839E-018 -2.981555974335137E-019 -5.837498967892182E-018
  2.831568354474736E-002 -1.413528582377976E-017  1.605974467994153E-018
  7.296493304697496E-004  7.382696798101370E-018 -3.595503552082492E-002
 -1.737191890707925E-017  2.152023058985989E-017  1.055409387937518E-017
 -5.750522626249564E-018  2.831568354474734E-002  1.361691798716416E-017
 -1.697208435207233E-017 -8.270635177789344E-018  0.190304277754307     
 -3.989597475043363E-016  1.346607109508973E-016  1.148707814071564E-016
 -5.414989119911224E-016 -0.291881418485946       3.078948934088339E-016
 -1.040823093455648E-016 -1.028489267944108E-016  4.191909665828408E-016
  0.739896082926496       9.961615679478925E-017 -7.923349476524066E-016
  1.047339298620997E-016  3.078049967686347E-016  -1.15200182390171     
 -7.605000613628010E-017  6.188626000547259E-016 -8.088148206741863E-017
  0.739896082926498      -1.040716442923206E-015 -9.916980247804782E-018
 -1.035900139002595E-016 -7.595531409656549E-017  -1.15200182390171     
  8.070409162444767E-016  8.153885441425865E-018  0.190304277754307     
  1.047549998086545E-016 -9.594976743987793E-017  6.169743827071993E-016
  8.050238818009223E-016 -0.291881418485947      -8.309777728311118E-017
  0.739896082926496       4.195435014100865E-016 -8.088614622219056E-017
  7.739086587881077E-018 -8.252772575554185E-017  -1.15200182390171     
  0.112026344870670      -2.400323518336424E-016  8.076978621836290E-017
  7.128204377378181E-017 -3.243312014734612E-016  0.449497741404326     
  5.638190110103525E-017 -4.842046902320263E-016  6.375108774214766E-017
  0.449497741404327      -6.263343008335505E-016 -5.177692393403424E-018
  0.112026344870670       6.586760876315422E-017  0.449497741404326     
