# energy grid [eV]     epsi_x  epsi_y  epsi_z
#
    0.000000000    0.000000000    0.000000000    0.000000000
    0.060120240    0.021347451    0.021347450    0.021347449
    0.120240481    0.042795899    0.042795898    0.042795896
    0.180360721    0.064447675    0.064447673    0.064447670
    0.240480962    0.086407806    0.086407804    0.086407800
    0.300601202    0.108785459    0.108785456    0.108785451
    0.360721443    0.131695487    0.131695483    0.131695477
    0.420841683    0.155260141    0.155260137    0.155260130
    0.480961924    0.179610989    0.179610985    0.179610976
    0.541082164    0.204891104    0.204891098    0.204891089
    0.601202405    0.231257606    0.231257599    0.231257588
    0.661322645    0.258884647    0.258884639    0.258884627
    0.721442886    0.287966962    0.287966953    0.287966940
    0.781563126    0.318724131    0.318724120    0.318724106
    0.841683367    0.351405762    0.351405749    0.351405733
    0.901803607    0.386297832    0.386297817    0.386297800
    0.961923848    0.423730546    0.423730528    0.423730510
    1.022044088    0.464088141    0.464088120    0.464088101
    1.082164329    0.507821251    0.507821227    0.507821207
    1.142284569    0.555462653    0.555462625    0.555462602
    1.202404810    0.607647514    0.607647481    0.607647457
    1.262525050    0.665139738    0.665139700    0.665139675
    1.322645291    0.728866619    0.728866573    0.728866547
    1.382765531    0.799965013    0.799964959    0.799964931
    1.442885772    0.879843707    0.879843642    0.879843613
    1.503006012    0.970268879    0.970268802    0.970268772
    1.563126253    1.073483161    1.073483068    1.073483038
    1.623246493    1.192374424    1.192374312    1.192374282
    1.683366733    1.330719844    1.330719709    1.330719679
    1.743486974    1.493546565    1.493546399    1.493546371
    1.803607214    1.687677815    1.687677611    1.687677586
    1.863727455    1.922582806    1.922582551    1.922582533
    1.923847695    2.211741033    2.211740711    2.211740703
    1.983967936    2.574911093    2.574910679    2.574910688
    2.044088176    3.042059818    3.042059275    3.042059313
    2.104208417    3.660492927    3.660492199    3.660492284
    2.164328657    4.508517596    4.508516591    4.508516756
    2.224448898    5.723313984    5.723312540    5.723312847
    2.284569138    7.561949272    7.561947092    7.561947662
    2.344689379   10.544814149   10.544810629   10.544811720
    2.404809619   15.804980468   15.804974309   15.804976508
    2.464929860   25.776495864   25.776484512   25.776489187
    2.525050100   43.327494264   43.327476883   43.327486034
    2.585170341   61.263043413   61.263029523   61.263035625
    2.645290581   61.538760347   61.538753348   61.538745085
    2.705410822   46.653306951   46.653303270   46.653288931
    2.765531062   34.345340308   34.345337115   34.345328168
    2.825651303   30.415505545   30.415502195   30.415495211
    2.885771543   25.656194796   25.656192517   25.656184954
    2.945891784   22.202455724   22.202454691   22.202449969
    3.006012024   22.778475903   22.778476199   22.778470205
    3.066132265   23.861260980   23.861262215   23.861252537
    3.126252505   20.804413167   20.804414807   20.804405111
    3.186372745   17.981287906   17.981289855   17.981285659
    3.246492986   18.581537311   18.581539925   18.581540490
    3.306613226   22.827775614   22.827779472   22.827785070
    3.366733467   32.434995980   32.435002160   32.435015908
    3.426853707   51.486223704   51.486234207   51.486260492
    3.486973948   79.769867045   79.769882952   79.769908111
    3.547094188  104.127191387  104.127208887  104.127217370
    3.607214429  118.286217569  118.286235252  118.286232652
    3.667334669  107.669919837  107.669939890  107.669914702
    3.727454910   80.665181261   80.665200112   80.665169414
    3.787575150   52.585217776   52.585232416   52.585203870
    3.847695391   33.109299352   33.109310928   33.109293571
    3.907815631   22.741142967   22.741153990   22.741143566
    3.967935872   17.104096624   17.104109344   17.104102736
    4.028056112   14.606808629   14.606826072   14.606821448
    4.088176353   13.012617915   13.012635064   13.012632188
    4.148296593   10.930984993   10.930995483   10.930993781
    4.208416834   10.121856822   10.121862859   10.121861754
    4.268537074   11.195807898   11.195811580   11.195810702
    4.328657315   13.544350588   13.544353098   13.544350156
    4.388777555   15.605511452   15.605513417   15.605510190
    4.448897796   19.104101151   19.104102924   19.104103223
    4.509018036   18.966713289   18.966716068   18.966717073
    4.569138277   13.700456899   13.700460430   13.700459766
    4.629258517    9.225344480    9.225347647    9.225346510
    4.689378758    6.712580261    6.712582829    6.712581881
    4.749498998    5.307648207    5.307650260    5.307649761
    4.809619238    4.392366930    4.392368398    4.392368121
    4.869739479    4.020433711    4.020434839    4.020434590
    4.929859719    4.223182771    4.223183787    4.223183546
    4.989979960    5.090733145    5.090734206    5.090733938
    5.050100200    5.777619471    5.777620559    5.777620229
    5.110220441    5.194423817    5.194425001    5.194424983
    5.170340681    4.991520894    4.991522157    4.991522726
    5.230460922    5.672227163    5.672228073    5.672229014
    5.290581162    6.343158723    6.343160081    6.343158800
    5.350701403    6.236294150    6.236296033    6.236293974
    5.410821643    6.909480805    6.909482850    6.909481798
    5.470941884    7.433031324    7.433033454    7.433033040
    5.531062124    6.407219345    6.407221178    6.407221149
    5.591182365    5.671891146    5.671892918    5.671892951
    5.651302605    5.407999518    5.408001246    5.408000878
    5.711422846    5.124031681    5.124033295    5.124032523
    5.771543086    5.664622723    5.664624454    5.664623737
    5.831663327    7.660181779    7.660184102    7.660183567
    5.891783567   10.202651361   10.202653747   10.202653830
    5.951903808   10.263036535   10.263038009   10.263037870
    6.012024048    9.747098437    9.747099226    9.747099167
    6.072144289    9.905139359    9.905139179    9.905139318
    6.132264529   11.738702112   11.738700849   11.738700587
    6.192384770   14.165811746   14.165810638   14.165808698
    6.252505010   15.702341203   15.702340830   15.702337629
    6.312625251   15.556555163   15.556554376   15.556552011
    6.372745491   13.535628171   13.535626492   13.535626264
    6.432865731   10.065732875   10.065730716   10.065731848
    6.492985972    6.974882657    6.974880441    6.974881869
    6.553106212    5.602772910    5.602769937    5.602771815
    6.613226453    5.790585899    5.790581044    5.790584232
    6.673346693    7.000967924    7.000961551    7.000966068
    6.733466934    7.048358510    7.048354291    7.048357153
    6.793587174    5.427412969    5.427410847    5.427411780
    6.853707415    4.486100889    4.486099843    4.486099846
    6.913827655    4.696698327    4.696697946    4.696697443
    6.973947896    5.326185286    5.326185139    5.326185185
    7.034068136    5.151451693    5.151450874    5.151451472
    7.094188377    4.724502583    4.724500328    4.724501088
    7.154308617    5.081359567    5.081355865    5.081356410
    7.214428858    5.114187075    5.114182950    5.114183418
    7.274549098    4.605183272    4.605178910    4.605179943
    7.334669339    3.964128272    3.964123260    3.964125368
    7.394789579    3.443134515    3.443127825    3.443131301
    7.454909820    3.540703775    3.540693170    3.540699373
    7.515030060    3.889308468    3.889294364    3.889302871
    7.575150301    3.353611261    3.353600411    3.353606029
    7.635270541    2.473595171    2.473589626    2.473590513
    7.695390782    2.099196790    2.099194435    2.099191217
    7.755511022    2.079452196    2.079451229    2.079445286
    7.815631263    2.088944412    2.088943476    2.088937522
    7.875751503    1.786397158    1.786396330    1.786392312
    7.935871743    1.307683830    1.307683292    1.307681091
    7.995991984    1.032845081    1.032844847    1.032843492
    8.056112224    0.890383945    0.890383740    0.890382892
    8.116232465    0.820878235    0.820877787    0.820877419
    8.176352705    0.837711682    0.837710962    0.837710990
    8.236472946    0.965522989    0.965521880    0.965522341
    8.296593186    1.226633921    1.226632262    1.226633270
    8.356713427    1.514762166    1.514760495    1.514761525
    8.416833667    1.795657579    1.795656520    1.795657026
    8.476953908    1.992145820    1.992145339    1.992145324
    8.537074148    2.071569054    2.071568618    2.071568340
    8.597194389    1.860453314    1.860451546    1.860451766
    8.657314629    1.570213124    1.570209161    1.570210692
    8.717434870    1.383123024    1.383118339    1.383120820
    8.777555110    1.300741684    1.300737228    1.300740748
    8.837675351    1.407285577    1.407280134    1.407285654
    8.897795591    1.506672481    1.506665642    1.506673289
    8.957915832    1.480210508    1.480205313    1.480211710
    9.018036072    1.406853439    1.406851007    1.406854428
    9.078156313    1.262497948    1.262496447    1.262498594
    9.138276553    1.220275948    1.220274408    1.220276324
    9.198396794    1.185774699    1.185772869    1.185774446
    9.258517034    1.103315469    1.103313550    1.103314763
    9.318637275    1.052875679    1.052873799    1.052874760
    9.378757515    1.232420901    1.232418653    1.232419478
    9.438877756    1.471945588    1.471942950    1.471943656
    9.498997996    1.282023593    1.282021209    1.282021921
    9.559118236    1.026964932    1.026962443    1.026963382
    9.619238477    1.027649226    1.027645725    1.027647172
    9.679358717    1.249099011    1.249093819    1.249095976
    9.739478958    1.456702645    1.456697170    1.456699515
    9.799599198    1.589074362    1.589069764    1.589072197
    9.859719439    1.401354568    1.401351789    1.401353615
    9.919839679    1.155304404    1.155303552    1.155304300
    9.979959920    1.082974698    1.082975402    1.082975088
   10.040080160    1.174262768    1.174264798    1.174263570
   10.100200401    1.256598408    1.256600187    1.256599204
   10.160320641    1.347357629    1.347358081    1.347357955
   10.220440882    1.365969993    1.365969027    1.365970212
   10.280561122    1.361706647    1.361704501    1.361707183
   10.340681363    1.144430095    1.144428332    1.144430649
   10.400801603    0.895158133    0.895157354    0.895158573
   10.460921844    0.720092682    0.720092525    0.720093057
   10.521042084    0.640273047    0.640273276    0.640273237
   10.581162325    0.669822067    0.669822960    0.669822006
   10.641282565    0.799250237    0.799252208    0.799249790
   10.701402806    0.994155364    0.994158576    0.994154437
   10.761523046    1.048436886    1.048440040    1.048436315
   10.821643287    0.983403398    0.983405644    0.983403851
   10.881763527    0.880419917    0.880422027    0.880421320
   10.941883768    0.758657424    0.758659621    0.758659482
   11.002004008    0.683696822    0.683698642    0.683698948
   11.062124248    0.617962112    0.617963057    0.617963508
   11.122244489    0.554962026    0.554962839    0.554963154
   11.182364729    0.545496883    0.545498004    0.545498120
   11.242484970    0.574965880    0.574967246    0.574967271
   11.302605210    0.649378080    0.649379762    0.649379790
   11.362725451    0.611852227    0.611853975    0.611853845
   11.422845691    0.536649232    0.536651086    0.536650574
   11.482965932    0.490046159    0.490048300    0.490047296
   11.543086172    0.386000672    0.386002382    0.386001510
   11.603206413    0.296261733    0.296262849    0.296262431
   11.663326653    0.255471828    0.255472705    0.255472587
   11.723446894    0.248615800    0.248616607    0.248616683
   11.783567134    0.267301087    0.267301614    0.267301854
   11.843687375    0.314035224    0.314035389    0.314035894
   11.903807615    0.367547875    0.367547670    0.367548550
   11.963927856    0.451395529    0.451394862    0.451396037
   12.024048096    0.593963501    0.593962087    0.593963849
   12.084168337    0.684286462    0.684284616    0.684286948
   12.144288577    0.678948550    0.678948364    0.678949665
   12.204408818    0.692026477    0.692028302    0.692028275
   12.264529058    0.729710757    0.729713152    0.729712797
   12.324649299    0.755784148    0.755786183    0.755786007
   12.384769539    0.646068169    0.646069349    0.646069323
   12.444889780    0.516861538    0.516862198    0.516862233
   12.505010020    0.422922933    0.422923291    0.422923274
   12.565130261    0.373088624    0.373088784    0.373088741
   12.625250501    0.364491831    0.364491937    0.364491981
   12.685370741    0.418089208    0.418089291    0.418089477
   12.745490982    0.505778206    0.505778422    0.505778698
   12.805611222    0.545591579    0.545592079    0.545592329
   12.865731463    0.510181149    0.510181531    0.510181948
   12.925851703    0.504840268    0.504840259    0.504841235
   12.985971944    0.577704727    0.577704129    0.577706230
   13.046092184    0.658501568    0.658500346    0.658503763
   13.106212425    0.743260423    0.743259164    0.743262855
   13.166332665    0.844957253    0.844956534    0.844959947
   13.226452906    0.764401274    0.764401207    0.764403616
   13.286573146    0.636799775    0.636799975    0.636801442
   13.346693387    0.617730186    0.617730830    0.617732049
   13.406813627    0.561602674    0.561603992    0.561605128
   13.466933868    0.422052395    0.422053806    0.422053991
   13.527054108    0.339584925    0.339586558    0.339585496
   13.587174349    0.329062264    0.329064744    0.329062417
   13.647294589    0.354355652    0.354359403    0.354355927
   13.707414830    0.374053005    0.374057194    0.374053334
   13.767535070    0.372333856    0.372336826    0.372333999
   13.827655311    0.388222522    0.388224139    0.388222370
   13.887775551    0.415184689    0.415185553    0.415184234
   13.947895792    0.354419960    0.354420584    0.354419273
   14.008016032    0.298026436    0.298027104    0.298025366
   14.068136273    0.304793996    0.304794906    0.304792261
   14.128256513    0.368368405    0.368369693    0.368365911
   14.188376754    0.446492919    0.446494488    0.446489754
   14.248496994    0.468450130    0.468451413    0.468447018
   14.308617234    0.504134007    0.504135348    0.504131391
   14.368737475    0.511773746    0.511775741    0.511772056
   14.428857715    0.422543347    0.422544738    0.422542441
   14.488977956    0.334198398    0.334198626    0.334197760
   14.549098196    0.304691381    0.304690361    0.304690274
   14.609218437    0.297114449    0.297111927    0.297112357
   14.669338677    0.273235242    0.273231956    0.273232590
   14.729458918    0.219027008    0.219025072    0.219024924
   14.789579158    0.190508921    0.190508324    0.190507168
   14.849699399    0.186072414    0.186072327    0.186070723
   14.909819639    0.186503226    0.186503324    0.186502020
   14.969939880    0.184463757    0.184464084    0.184463175
   15.030060120    0.192940321    0.192940706    0.192939983
   15.090180361    0.230541188    0.230541428    0.230540595
   15.150300601    0.290860561    0.290860532    0.290859451
   15.210420842    0.337494554    0.337495029    0.337493733
   15.270541082    0.314648209    0.314649213    0.314647926
   15.330661323    0.267311864    0.267312793    0.267311510
   15.390781563    0.242575010    0.242575692    0.242574272
   15.450901804    0.248078303    0.248078293    0.248076883
   15.511022044    0.232671010    0.232670194    0.232668997
   15.571142285    0.211329406    0.211328242    0.211326985
   15.631262525    0.192321151    0.192320200    0.192318396
   15.691382766    0.185466769    0.185466067    0.185463391
   15.751503006    0.160053662    0.160053161    0.160050609
   15.811623246    0.127294888    0.127294676    0.127292908
   15.871743487    0.115764694    0.115764681    0.115763414
   15.931863727    0.121616732    0.121616872    0.121615845
   15.991983968    0.127718218    0.127718532    0.127717545
   16.052104208    0.133242932    0.133243562    0.133242326
   16.112224449    0.145576888    0.145577932    0.145576452
   16.172344689    0.171779624    0.171780905    0.171779522
   16.232464930    0.183636864    0.183636983    0.183636060
   16.292585170    0.169812366    0.169810569    0.169810074
   16.352705411    0.164682231    0.164679669    0.164678904
   16.412825651    0.149793392    0.149791336    0.149790281
   16.472945892    0.127228916    0.127227494    0.127226493
   16.533066132    0.105075101    0.105074094    0.105073418
   16.593186373    0.094113683    0.094112919    0.094112557
   16.653306613    0.099792250    0.099791683    0.099791347
   16.713426854    0.126231867    0.126231453    0.126230927
   16.773547094    0.174492723    0.174492884    0.174491519
   16.833667335    0.218423951    0.218426252    0.218422381
   16.893787575    0.207710545    0.207713487    0.207709030
   16.953907816    0.169658725    0.169659927    0.169657647
   17.014028056    0.155885743    0.155885279    0.155884902
   17.074148297    0.140624352    0.140622798    0.140623771
   17.134268537    0.118252526    0.118251080    0.118252150
   17.194388778    0.102397943    0.102396951    0.102397523
   17.254509018    0.102719111    0.102718289    0.102718572
   17.314629259    0.107387582    0.107386197    0.107386827
   17.374749499    0.103681392    0.103678705    0.103680529
   17.434869739    0.112994245    0.112989744    0.112993133
   17.494989980    0.128509633    0.128504272    0.128508271
   17.555110220    0.133137657    0.133134042    0.133136437
   17.615230461    0.135002435    0.135000588    0.135001398
   17.675350701    0.108708801    0.108707890    0.108708057
   17.735470942    0.086630080    0.086629679    0.086629576
   17.795591182    0.084112370    0.084112298    0.084111972
   17.855711423    0.096981916    0.096981983    0.096981584
   17.915831663    0.106676743    0.106676620    0.106676572
   17.975951904    0.099017890    0.099017783    0.099018024
   18.036072144    0.101173919    0.101173999    0.101174531
   18.096192385    0.126085835    0.126086184    0.126087233
   18.156312625    0.156876495    0.156877397    0.156878708
   18.216432866    0.150529604    0.150530655    0.150531088
   18.276553106    0.147926462    0.147927426    0.147926534
   18.336673347    0.167144109    0.167144839    0.167143558
   18.396793587    0.159288342    0.159288240    0.159288461
   18.456913828    0.134090694    0.134090511    0.134091622
   18.517034068    0.123921276    0.123921508    0.123922196
   18.577154309    0.118855611    0.118855944    0.118856228
   18.637274549    0.118593821    0.118594030    0.118594264
   18.697394790    0.115984518    0.115984975    0.115985362
   18.757515030    0.106445519    0.106446736    0.106447183
   18.817635271    0.109742281    0.109743882    0.109744148
   18.877755511    0.107861993    0.107863125    0.107863135
   18.937875752    0.095671664    0.095672487    0.095672105
   18.997995992    0.092467877    0.092468899    0.092467958
   19.058116232    0.104074870    0.104076584    0.104075006
   19.118236473    0.111895027    0.111897627    0.111895917
   19.178356713    0.111993513    0.111996169    0.111994989
   19.238476954    0.105105576    0.105108301    0.105107491
   19.298597194    0.086937472    0.086939856    0.086939370
   19.358717435    0.068446204    0.068448058    0.068447648
   19.418837675    0.059568783    0.059570519    0.059569989
   19.478957916    0.060311787    0.060313722    0.060313175
   19.539078156    0.070207227    0.070209294    0.070209213
   19.599198397    0.087022471    0.087025160    0.087025511
   19.659318637    0.094757570    0.094760775    0.094761706
   19.719438878    0.086246665    0.086249513    0.086250690
   19.779559118    0.068769215    0.068771026    0.068771457
   19.839679359    0.057933443    0.057934698    0.057934188
   19.899799599    0.057061563    0.057062552    0.057061362
   19.959919840    0.057353521    0.057353796    0.057352674
   20.020040080    0.060399762    0.060398941    0.060397595
   20.080160321    0.074228425    0.074226370    0.074224313
   20.140280561    0.087159023    0.087156943    0.087154488
   20.200400802    0.087250551    0.087249492    0.087247522
   20.260521042    0.081059897    0.081059512    0.081057771
   20.320641283    0.078007312    0.078007207    0.078005198
   20.380761523    0.077112372    0.077112483    0.077110371
   20.440881764    0.075083658    0.075084780    0.075082818
   20.501002004    0.074802630    0.074805412    0.074803451
   20.561122244    0.073704973    0.073710025    0.073707806
   20.621242485    0.069316189    0.069322345    0.069320002
   20.681362725    0.066459118    0.066462869    0.066461255
   20.741482966    0.070029547    0.070032346    0.070032094
   20.801603206    0.073425143    0.073428455    0.073429941
   20.861723447    0.071680908    0.071683894    0.071685143
   20.921843687    0.066671105    0.066674035    0.066674715
   20.981963928    0.063139678    0.063142773    0.063143305
   21.042084168    0.055483376    0.055485770    0.055485680
   21.102204409    0.046228345    0.046230032    0.046229130
   21.162324649    0.043252069    0.043253549    0.043251534
   21.222444890    0.044051530    0.044053252    0.044050599
   21.282565130    0.042511772    0.042513882    0.042511428
   21.342685371    0.042652975    0.042655597    0.042652717
   21.402805611    0.045466322    0.045468766    0.045465672
   21.462925852    0.040339648    0.040340517    0.040338587
   21.523046092    0.033161859    0.033161960    0.033161206
   21.583166333    0.030369268    0.030369946    0.030369791
   21.643286573    0.032469871    0.032471557    0.032471758
   21.703406814    0.039158474    0.039161875    0.039162263
   21.763527054    0.051692769    0.051698386    0.051699506
   21.823647295    0.064776139    0.064783311    0.064785124
   21.883767535    0.058925968    0.058931197    0.058932798
   21.943887776    0.047657289    0.047659428    0.047660888
   22.004008016    0.046762149    0.046762368    0.046764018
   22.064128257    0.052981867    0.052982009    0.052983452
   22.124248497    0.054279835    0.054280540    0.054281465
   22.184368737    0.050028513    0.050029989    0.050030650
   22.244488978    0.047675026    0.047678036    0.047678460
   22.304609218    0.051070060    0.051074853    0.051075253
   22.364729459    0.049806225    0.049810761    0.049810854
   22.424849699    0.047526827    0.047529551    0.047527991
   22.484969940    0.049355236    0.049355721    0.049352651
   22.545090180    0.048306833    0.048305698    0.048301922
   22.605210421    0.041543022    0.041541300    0.041538538
   22.665330661    0.035084691    0.035083353    0.035081746
   22.725450902    0.030165110    0.030164791    0.030162851
   22.785571142    0.025554383    0.025553886    0.025552320
   22.845691383    0.023738478    0.023737348    0.023736660
   22.905811623    0.025019568    0.025018018    0.025018291
   22.965931864    0.027888264    0.027886979    0.027887523
   23.026052104    0.030913781    0.030912747    0.030913597
   23.086172345    0.033734802    0.033734222    0.033735520
   23.146292585    0.033428246    0.033428159    0.033430006
   23.206412826    0.031087507    0.031087754    0.031090545
   23.266533066    0.034184636    0.034185227    0.034189733
   23.326653307    0.039200467    0.039200800    0.039206450
   23.386773547    0.036031792    0.036031452    0.036036461
   23.446893788    0.032006355    0.032005832    0.032011064
   23.507014028    0.034066929    0.034066162    0.034073727
   23.567134269    0.040844227    0.040842757    0.040853464
   23.627254509    0.045324400    0.045323006    0.045331484
   23.687374749    0.048027583    0.048027072    0.048030391
   23.747494990    0.048916737    0.048917083    0.048916379
   23.807615230    0.046024363    0.046025009    0.046021985
   23.867735471    0.040643087    0.040642655    0.040641206
   23.927855711    0.035892296    0.035892210    0.035892485
   23.987975952    0.035955124    0.035955925    0.035957266
   24.048096192    0.040711166    0.040713203    0.040715637
   24.108216433    0.044731719    0.044735683    0.044739252
   24.168336673    0.045229634    0.045235563    0.045240241
   24.228456914    0.050898024    0.050905201    0.050914024
   24.288577154    0.059052754    0.059057614    0.059067852
   24.348697395    0.063339609    0.063345883    0.063351839
   24.408817635    0.059437679    0.059452533    0.059452105
   24.468937876    0.045055301    0.045068025    0.045066131
   24.529058116    0.033650025    0.033656789    0.033655696
   24.589178357    0.028978579    0.028980832    0.028980384
   24.649298597    0.027323237    0.027322483    0.027322344
   24.709418838    0.027145086    0.027142885    0.027143983
   24.769539078    0.029542311    0.029538399    0.029541783
   24.829659319    0.030724161    0.030717532    0.030724090
   24.889779559    0.027008244    0.027001135    0.027008376
   24.949899800    0.022401569    0.022397223    0.022401838
   25.010020040    0.019474224    0.019471949    0.019474562
   25.070140281    0.018398336    0.018396982    0.018398748
   25.130260521    0.019065608    0.019064001    0.019066199
   25.190380762    0.019340143    0.019337408    0.019340814
   25.250501002    0.021105931    0.021101289    0.021106730
   25.310621242    0.024609916    0.024603424    0.024611042
   25.370741483    0.029220524    0.029211953    0.029221921
   25.430861723    0.032517267    0.032504223    0.032518679
   25.490981964    0.030987056    0.030972629    0.030988297
   25.551102204    0.026172284    0.026163971    0.026174040
   25.611222445    0.023865304    0.023862631    0.023867967
   25.671342685    0.023029964    0.023030363    0.023033070
   25.731462926    0.020018090    0.020018703    0.020020518
   25.791583166    0.017832554    0.017832864    0.017834367
   25.851703407    0.018616311    0.018616393    0.018617743
   25.911823647    0.020389315    0.020388632    0.020389726
   25.971943888    0.020682700    0.020681558    0.020682664
   26.032064128    0.020146959    0.020145220    0.020147446
   26.092184369    0.020665852    0.020663353    0.020667460
   26.152304609    0.020855359    0.020853762    0.020859258
   26.212424850    0.019263710    0.019263652    0.019267303
   26.272545090    0.017285803    0.017286382    0.017288388
   26.332665331    0.014653819    0.014654668    0.014655904
   26.392785571    0.012937022    0.012938437    0.012939271
   26.452905812    0.013233501    0.013235856    0.013236318
   26.513026052    0.014611714    0.014614078    0.014614032
   26.573146293    0.016320008    0.016321417    0.016321111
   26.633266533    0.017020196    0.017021105    0.017020736
   26.693386774    0.017061219    0.017062135    0.017061953
   26.753507014    0.016796162    0.016796574    0.016796879
   26.813627255    0.019041348    0.019041066    0.019041906
   26.873747495    0.021896579    0.021896259    0.021897168
   26.933867735    0.020571563    0.020572138    0.020572957
   26.993987976    0.020481817    0.020483605    0.020484785
   27.054108216    0.022460843    0.022464064    0.022466220
   27.114228457    0.020121168    0.020124121    0.020126819
   27.174348697    0.015233315    0.015234873    0.015236991
   27.234468938    0.011394939    0.011395739    0.011397159
   27.294589178    0.008913014    0.008913386    0.008914361
   27.354709419    0.007601640    0.007601715    0.007602499
   27.414829659    0.006998545    0.006998324    0.006999092
   27.474949900    0.006917292    0.006916639    0.006917562
   27.535070140    0.007215822    0.007214607    0.007215827
   27.595190381    0.007132411    0.007131261    0.007132509
   27.655310621    0.006818138    0.006817632    0.006818683
   27.715430862    0.007008517    0.007008574    0.007009594
   27.775551102    0.007159333    0.007159643    0.007160580
   27.835671343    0.006845617    0.006845806    0.006846569
   27.895791583    0.006919051    0.006919119    0.006919795
   27.955911824    0.007461754    0.007461730    0.007462367
   28.016032064    0.008528197    0.008528131    0.008528732
   28.076152305    0.010442516    0.010442363    0.010442982
   28.136272545    0.011666312    0.011665954    0.011666858
   28.196392786    0.012016885    0.012016369    0.012018040
   28.256513026    0.013185441    0.013184456    0.013188606
   28.316633267    0.015519652    0.015516674    0.015525367
   28.376753507    0.017818806    0.017811831    0.017824457
   28.436873747    0.016991793    0.016985585    0.016995634
   28.496993988    0.014273711    0.014270533    0.014275758
   28.557114228    0.011806362    0.011803908    0.011807139
   28.617234469    0.010023160    0.010020235    0.010023127
   28.677354709    0.008885036    0.008882867    0.008884958
   28.737474950    0.008504338    0.008503090    0.008504407
   28.797595190    0.008509242    0.008508282    0.008509271
   28.857715431    0.008802441    0.008801198    0.008802269
   28.917835671    0.009329776    0.009328471    0.009329319
   28.977955912    0.009096661    0.009095599    0.009095987
   29.038076152    0.008323106    0.008322233    0.008322191
   29.098196393    0.008365832    0.008364968    0.008364453
   29.158316633    0.007956043    0.007955349    0.007954842
   29.218436874    0.007567366    0.007567034    0.007567009
   29.278557114    0.007947192    0.007947225    0.007947571
   29.338677355    0.007340640    0.007340827    0.007341253
   29.398797595    0.006201979    0.006201996    0.006202410
   29.458917836    0.005726604    0.005726453    0.005726927
   29.519038076    0.005892960    0.005892644    0.005893290
   29.579158317    0.006781449    0.006780870    0.006781889
   29.639278557    0.008780694    0.008779674    0.008781367
   29.699398798    0.011675300    0.011674027    0.011676171
   29.759519038    0.013466973    0.013466323    0.013467894
   29.819639279    0.012942227    0.012942617    0.012943480
   29.879759519    0.010205041    0.010205541    0.010206108
   29.939879760    0.007669428    0.007669696    0.007670078
   30.000000000    0.006070611    0.006070719    0.006071037
